78.08333
58.54167
45.875
49.25
52.875
85.125
144
122.875
107.25
58.08333
47.41667
165.375
63.125
135.6667
107.1667
203.875
63.70833
109.6667
92.875
39.41667
115.625
121.9583
160.5833
208.4167
177.0833
142.4583
37.29167
48.41667
94.08333
171
38.04167
82.70833
59.20833
23.125
62.5
40.625
63.91667
64.875
27.875
50.125
165.4583
57.66667
46.75
97.08333
94.45833
71.5
49.29167
45.45833
47.95833
20.83333
54.75
65.04167
84.70833
156.4167
93.08333
31.29167
45.75
41.04167
55.70833
55.875
25.70833
62.20833
118.1667
143.5417
79
143
144.375
113.8333
50.20833
26.33333
45.20833
53
32.33333
38.375
49.70833
57.04167
70.08333
86.875
65.75
27.625
74.91667
65.04167
72.45833
39.91667
21.20833
58.54167
78.20833
47.75
27.625
40
55
69.16667
40.95833
35.79167
27.625
43.58333
66.08333
72.54167
56.75
50.125
77.54167
91.70833
82.70833
59.45833
86.79167
52.58333
96.20833
75.91667
28.875
29.5
60.125
46.875
86.20833
98.20833
97.04167
53.08333
43.91667
38.83333
85.5
35.95833
35.70833
39.70833
41.875
42.95833
49.75
51.58333
51
37.16667
48.08333
118.125
126.5417
94.16667
59.91667
37.75
22.875
17.54167
30
44.45833
89.70833
102.0417
81.875
46.33333
35.5
46.375
27.54167
34.54167
24
52.08333
88.45833
34.91667
37.5
81.125
38.70833
54.70833
28.79167
18.375
14.29167
9.666667
25.66667
40.125
28.125
116.125
110.1667
59.79167
28.91667
21.5
45.66667
56.54167
57.25
79.79167
57.83333
40.33333
48.29167
57.41667
52.91667
35.16667
21.33333
11.66667
13.41667
21.5
60.54167
73.04167
42
32.04167
33.83333
25.58333
32.08333
35.58333
33.95833
33.66667
33.54167
32.66667
14.29167
7.583333
10.5
13.66667
16.95833
19.70833
9.708333
11.95833
26.29167
27.45833
22.04167
27.91667
35.125
49.125
60.25
74.33333
39.66667
39.66667
36.08333
37.58333
29.25
15.16667
18.375
23.125
37.33333
43.16667
62.29167
54.20833
67
45.41667
47.16667
13.91667
10.125
8.166667
11.54167
10.25
17.41667
18.79167
4.791667
8.291667
11.33333
11.16667
13.20833
25.625
34.45833
27.08333
25.75
24.58333
26.08333
55.25
16.75
11
11
27.625
16.79167
25.54167
25.04167
41.75
19.66667
34.125
42.41667
37.33333
20.5
34.91667
33.91667
34.70833
36.08333
14.875
16.125
19.58333
18.75
19.25
19.66667
10.20833
26.16667
12.25
24.58333
20.20833
46.83333
69.16667
25.20833
34.08333
53.08333
12.83333
18.08333
29.29167
19.125
11.625
10.625
37.875
49.45833
89.83333
24.83333
24.75
28.20833
24.16667
26.95833
25.66667
22.04167
26.29167
49.58333
56
56.29167
42.70833
56.25
40.29167
51.625
39.58333
37
42.5
44.5
39.875
37.41667
52.875
83.58333
53.25
46.66667
115.125
175.3333
102.5
72.20833
44.25
48.16667
29.45833
29.08333
79.875
165.625
121.9167
78.79167
62.33333
93.29167
130.2917
100.7917
67.79167
64.54167
58.29167
78.41667
96.5
77.16667
54.875
62.41667
91.58333
196.1667
214.625
132.5
117
247.5417
382.875
165
120.3333
180.5417
76.58333
101.0417
91.5
96.625
52.08333
88.66667
28.95833
20.5
53.25
101.1667
187.5833
62.95833
59.66667
61.16667
132.2083
103.875
207.9583
60.29167
98.875
132.875
114.7917
96.45833
126.7083
91.45833
129.9167
99.75
50.33333
27.54167
46.20833
38.91667
34.29167
45.58333
45.45833
85.41667
39.41667
24.5
34.41667
69.58333
94.08333
151.0833
108.125
166.7083
45.70833
51.70833
40.75
32.83333
95.58333
29.45833
21.20833
53.95833
61.54167
182.6667
125.5417
61.70833
177
50.75
25.5
18.91667
14.25
17.45833
45.45833
48.08333
33.04167
39.375
31
27.95833
40.875
27.33333
23.25
33.125
25.58333
66.70833
117.125
85.125
54.58333
82.375
75.33333
21.91667
53.75
87.04167
78.95833
29.91667
52.79167
33.58333
26.08333
39.91667
23.08333
26.83333
43.16667
72.5
128.5417
46.25
32.125
37.54167
70.95833
71.75
59.95833
74.70833
114.875
68.70833
62.33333
28.83333
42.54167
31.91667
36.125
60.16667
78.41667
40.29167
40.04167
67.75
91.29167
53.125
46.91667
45.625
46.91667
48.08333
52.58333
20.91667
37.29167
63.375
63.45833
55.54167
48.66667
54.91667
43.91667
63.08333
43.375
45
129.4167
59.58333
26.04167
38.79167
45.79167
55.04167
62.54167
49.375
29.41667
20.20833
61.25
52.20833
73.875
65.5
89.08333
75.54167
36.29167
49.16667
34
37.95833
44.66667
68.75
48.79167
41.66667
43.70833
70.625
58.04167
72.79167
59.375
55.875
57
34.04167
47.875
69.5
97.79167
62.79167
27.79167
27.125
76.33333
104.0417
127.8333
88.5
82.83333
73.70833
45.54167
25.79167
43.25
48.5
63.33333
42.83333
46.41667
52.25
40.625
31.04167
27.83333
28.04167
51.625
79.08333
86.08333
46.58333
23.41667
42.58333
27.625
36.41667
31.875
29.125
22.125
32.875
41.33333
20.83333
16.45833
18.625
72.45833
81.29167
54.25
36.29167
47.25
65.375
41.79167
28.41667
48.625
36.33333
20.83333
20.54167
79.375
88.91667
55.54167
39.91667
55.5
31.04167
43.33333
15.20833
12.58333
15.83333
18.41667
14.5
12.04167
11.70833
17.375
32.29167
72.83333
37.70833
40.375
29.25
13.125
7.833333
7.166667
11.29167
48
58.5
28.91667
19.375
14.625
16.125
19.91667
48.33333
25.79167
30.16667
33.04167
17.75
26.08333
31
15.54167
29.66667
12.125
15.04167
46.5
29.91667
40.29167
49.625
56.20833
44.625
32
36.20833
32.625
15.41667
14.29167
29.66667
36.20833
34.20833
95.25
63.70833
35.16667
27.16667
32.5
28.04167
40.95833
9.791667
16.58333
9.583333
9.041667
8
22.625
12.41667
18.29167
37.70833
43.58333
10.20833
9.083333
8.708333
26.79167
41.29167
51.625
32.54167
15.29167
43.625
19.58333
22.66667
51.5
43.29167
19.58333
31.70833
37.95833
28.45833
24.04167
24.75
32.41667
33.95833
31.375
31.41667
44.75
90.33333
95.125
17.75
16.625
20.375
50.91667
65.5
49.375
35.91667
30.04167
27.66667
53.25
44.04167
20.16667
27.125
45.04167
52.54167
67.54167
58.45833
35.58333
38.16667
35.625
126.75
42.125
28.58333
40.5
65.5
59.33333
125.25
34.875
48.08333
37.83333
72
118.9583
60.79167
35.875
34.45833
38.54167
69.41667
31.70833
27.45833
33.41667
48.29167
23.33333
64.66667
41.875
43.79167
57.5
44.91667
63.375
94.25
81.375
79.83333
77.83333
102.625
34.41667
61.54167
84.29167
81.04167
77.375
83.08333
89.29167
76.33333
51.625
68.04167
73.45833
58.04167
73.45833
78.20833
59.75
132.875
35.54167
28.79167
27.95833
69.83333
140.5417
123.0417
106.875
44.41667
82.95833
97.125
121.5
81.20833
83.20833
42.58333
77.91667
151.625
170.5417
185.625
22.83333
23.375
27
85.125
118.2917
78.20833
90.66667
89.16667
35.08333
106.625
132.4583
113.2917
107.125
131.2917
105.4583
55.25
24.70833
20.875
77.83333
38.75
26.29167
32.20833
44.70833
179.3333
93.16667
76.29167
109.2083
48.95833
35.29167
56.58333
79.29167
161.125
49.83333
56.5
56.70833
113.2083
119.375
65.875
24.66667
20.25
60.66667
121.0417
54.625
46.20833
26.375
56.66667
24.83333
20.83333
85.75
103
78.83333
25.08333
22.29167
31.125
35.45833
31.20833
42.33333
25.29167
47.33333
68.45833
90.70833
97.20833
54.33333
31.625
37.33333
52.33333
74.875
61.33333
94.41667
63.08333
24.75
17.29167
22.16667
24.95833
30.29167
68.25
72.875
38.79167
56.70833
46.25
34.20833
64.08333
61.25
50.91667
21.91667
24.66667
30.41667
23.41667
40.33333
40.45833
46.16667
42.58333
65.91667
70.54167
65.66667
33.5
58.04167
109.75
46.16667
38.29167
74.33333
67.83333
58.33333
67
48.95833
52.20833
60.41667
46.625
65.75
43.125
46.04167
58.875
66.41667
23.33333
39.83333
51.29167
30.5
26.79167
39.04167
29.83333
46.54167
44.125
50.25
38.5
46.83333
41.79167
49.75
71.58333
43.79167
23.125
34.20833
40.16667
36.33333
31.5
30.70833
42
33.29167
28.16667
35.08333
49
47.25
32.95833
21.20833
24.5
63.83333
56.08333
26.625
16.83333
44.58333
33.33333
48.79167
55.5
51.58333
35.25
38.91667
28.04167
20.20833
21.58333
41.54167
35.375
39.25
25.66667
47.66667
53.125
41.33333
33.625
12.75
13
37.125
52.625
37.79167
55.95833
73.20833
50.91667
23
20.95833
19.375
25.29167
27.375
21.58333
5.791667
20.41667
67.20833
62.25
25.29167
27.20833
29.08333
22.54167
18
21.125
37
31.91667
35.08333
31.79167
48.75
60.75
44.33333
44.91667
42.04167
31.20833
36.41667
50.25
42.20833
39.33333
39.95833
34.375
21.41667
18.29167
11.08333
10.83333
16.79167
17.125
30.125
43.75
32.54167
22.70833
31.54167
40.45833
41.5
22.83333
37.5
19.25
10.20833
7
16.20833
32.625
55.5
83.58333
78.5
61.625
53
36.91667
41.125
57.875
64.75
58.45833
36.5
28.375
14.625
11.95833
10.33333
17.25
22.58333
45.875
27.04167
17.5
20.54167
19
24.04167
29.04167
18.58333
37.25
32.16667
29.375
26.625
20.33333
26.70833
30.375
26.08333
23.70833
8
14.29167
31.125
31.79167
33.70833
24.25
24.04167
17
15.125
15.33333
62.70833
39.20833
41.16667
80
80
67.33333
26.08333
36
28.95833
39.04167
37.41667
34.41667
41.91667
75.25
42.33333
42
44.08333
43.79167
70.95833
59.29167
37.20833
31.20833
23.04167
41.08333
113.375
84.29167
34.91667
38.45833
20.95833
49.125
85.875
87.16667
57.66667
36.5
52.29167
56.08333
124.2083
102.125
71.08333
29.66667
28.875
34.20833
44.45833
27.125
31.08333
33.04167
25.04167
38
57.16667
45.375
64.58333
74.125
116.5833
54.66667
74.58333
54.5
50.5
65.66667
102.0417
79.375
33.41667
37.83333
41.16667
78.95833
49.33333
62.45833
146.0417
220.9583
68.91667
45.41667
51.375
37.5
50.04167
138.25
89.25
187.5
60.83333
174.125
96.625
66.04167
40.79167
58.45833
93.25
137.5417
59.25
95.79167
139.7083
120.5417
29.375
52
80.54167
71.75
114.5
62.54167
48.91667
45.95833
127.8333
160.25
133.0833
124.375
88.375
135.4167
89.83333
27.04167
22.125
42.5
48.33333
34.54167
40.79167
57.95833
40.79167
27.54167
30.29167
39.33333
60.5
50.83333
97.66667
56.70833
37
138.25
60.08333
62.29167
93.375
75.16667
34.91667
24.875
28.04167
54.83333
37.70833
35.45833
39.33333
59
68.20833
66.25
77.29167
45.33333
41.125
55.83333
37.25
46.16667
70.16667
55.125
68.08333
39.5
68.91667
66.70833
29.16667
85.41667
89.16667
80.79167
18.04167
22.58333
25.41667
58.95833
82.70833
58.79167
73.79167
42.125
45.41667
38.83333
91.5
37.375
38
42.125
40.33333
36.66667
25.91667
37.29167
53.79167
101.4583
83.25
64.45833
68.91667
54.54167
85.41667
55.08333
58.79167
27.66667
28.375
34.5
63.20833
45.66667
46.20833
67.33333
44
52.625
85.29167
109.0833
69.16667
31.95833
51.20833
28.29167
27.70833
25.41667
57.45833
81.95833
41.04167
54.25
43.41667
40.75
62.91667
94.375
109.125
69.875
48.41667
35.95833
36.25
47.70833
37.08333
65.54167
65.75
31.16667
47.375
30.29167
80.83333
54.125
69.33333
35.375
33.08333
43.875
27.79167
39.5
46.95833
27.54167
18
50.25
66.20833
87.75
69.41667
88.91667
31.91667
30.66667
43.625
56.08333
58
25.08333
36.375
19.875
38.45833
28.58333
37.25
39.41667
32.5
30.33333
29.20833
45.16667
19.29167
29.625
35.45833
57.41667
88.66667
51.66667
25.20833
22
16
40.75
33.79167
46.125
38.08333
39.16667
29.54167
28
45.91667
22.95833
26.79167
25.66667
18.20833
45.25
30.54167
22.16667
18.04167
11.58333
10.45833
10.5
18.5
20.25
47.91667
53.75
38.91667
47.33333
59.45833
63.70833
29.83333
28.375
36.54167
39.04167
42.66667
36.41667
39.83333
22.54167
35.66667
46.16667
60.58333
67.29167
34.20833
13.66667
13.04167
18.04167
19.29167
27.33333
21.375
17.70833
6.041667
9.791667
11.58333
11.58333
17.58333
12.29167
16.16667
20.58333
16.5
18.79167
20.41667
16.91667
20.58333
26.29167
24.5
20.75
21.5
19.83333
26.375
18.375
19.33333
27.45833
28.54167
34.83333
41.5
61.04167
67.70833
60.95833
35.5
29.625
43.91667
40.91667
65.29167
53.79167
28
28
27.29167
25.16667
15
6.041667
3.833333
8.208333
25.25
11.79167
17.54167
9.583333
13.29167
22.58333
29.75
27.5
17.70833
11.04167
7.916667
4.5
37.41667
41.375
12.20833
16.41667
11.58333
27
21.54167
19.875
13.20833
15.33333
15.375
12.375
29.66667
19.95833
24.66667
15.625
39.375
27.79167
16.41667
25.83333
24.16667
5.541667
1.375
18.375
18.08333
35.04167
24.125
17.16667
27.29167
21.20833
15.66667
22.875
18.29167
33.29167
66.20833
70
74.08333
62.91667
33.70833
20.45833
18.625
40.95833
51.29167
41.29167
56.70833
92.33333
49.08333
18.54167
24.54167
65.70833
113.8333
47.25
32.875
16.04167
29.875
60.95833
52.20833
43.04167
112.25
69.16667
26.08333
58.5
106.25
32.54167
29.70833
85.16667
115.2083
45.08333
102.2917
124.1667
88.95833
22.04167
20.08333
36.04167
39.45833
25.54167
72.83333
155.7917
113.5
46.29167
66.08333
47.5
36
103.7917
142.75
28.45833
22.95833
22.08333
38.58333
44.54167
75.54167
56.375
50.66667
40.58333
74.95833
106.875
58.625
32.25
26.33333
21.70833
86.625
77.33333
88.75
35.91667
62.33333
106.625
28.25
18.125
24.70833
47.66667
43.58333
91.95833
74.41667
44.95833
52.33333
29.66667
35.70833
64.41667
59.54167
51.08333
34.58333
63.125
31.04167
18.25
40.33333
26.66667
20.125
64.04167
124.9167
70.375
18.5
21.875
84.875
47.91667
48.54167
66.79167
63.75
70.95833
71.58333
44.33333
56.125
22.08333
42.66667
47.41667
28.79167
66.08333
86.625
52
87.125
124.9583
49.79167
44.08333
57.41667
50.41667
54.16667
64.29167
71.5
33.95833
41.375
51.54167
83.25
68.75
59.375
33.625
38.66667
33.33333
36.91667
28.25
39.83333
36.25
43.91667
47.625
69.625
23.33333
28.45833
47.91667
85
77.625
66.54167
42.33333
68.33333
49.625
44.58333
73.58333
85.66667
64.41667
51.66667
45
75.33333
50.125
68.625
37.625
32.66667
68.75
48.125
23.95833
33
45.375
52.04167
57.83333
46.25
39.04167
54.66667
55
39.20833
39.91667
44.5
43.66667
27.33333
32.04167
50.41667
56.91667
42.875
32.16667
21.66667
19.66667
26.375
46.58333
55.04167
59.75
32.29167
48.29167
55.04167
48.83333
32.08333
47.25
52.79167
23.75
16.29167
22.75
23.45833
28.29167
22.33333
18.20833
14.625
23.29167
18.33333
39.875
44.625
25.83333
29.125
18.75
22.875
50.20833
