-.55    -.24    -.32   -.37    -.15    -.71   -.63    -.07    -.05     .03    -.44   -.19
-.03    -.08     .05   -.41    -.24    -.78   -.43     .10    -.10    -.34    -.43   -.57
-.46    -.38    -.04   -.42    -.49     .20   -.12    -.16    -.52    -.32    -.59   -.37
-.52    -.42    -.53   -.79   -1.17    -.82   -.76     .39    -.52    -.71    -.96   -.35
-.64    -.56    -.89   -.79    -.52    -.39   -.29    -.16    -.22    -.28    -.03    .01
-.23    -.57    -.63   -.35    -.52    -.66   -.21    -.23    -.04    -.50    -.45   -.36
-.60    -.70    -.57   -.72    -.74    -.44   -.35    -.16    -.36    -.56    -.61   -.48
-.28    -.53    -.64   -.19    -.62    -.26    .03     .16    -.09    -.02     .03   -.04
-.18     .33     .03    .20     .23    -.06   -.08    -.36    -.25    -.15    -.44   -.23
-.71    -.55    -.53   -.45    -.61    -.26   -.36    -.43    -.08     .00    -.30   -.07
-.57    -.81    -.30   -.55    -.36    -.35   -.40    -.26    -.28    -.36    -.47   -.19
-.38    -.23    -.42   -.56    -.63    -.30   -.30    -.31    -.36    -.27    -.37   -.50
-1.12    -.92    -.44   -.32    -.59    -.47   -.04    -.21    -.25    -.22    -.14   -.34
-.57    -.42    -.35   -.55    -.53    -.57   -.28    -.25    -.38    -.12    -.16   -.20
-.42    -.60    -.52   -.25    -.33    -.16   -.30    -.08    -.06    -.18    -.28    .05
-.34    -.13    -.51   -.38    -.27    -.24    .12    -.08    -.06     .16    -.17    .08
-.08    -.09     .06    .14     .00    -.11   -.07    -.11    -.15    -.12    -.10   -.06
-.18    -.40    -.81   -.43    -.60    -.17   -.35    -.20    -.18    -.41    -.27   -.21
-.37    -.46    -.29   -.22    -.26    -.51   -.09    -.09    -.03    -.29     .08    .01
-.32     .13     .13    .07     .07     .11    .06     .00     .10     .24     .12    .01
-.17    -.06    -.03    .02    -.15     .00   -.11    -.06     .03    -.11    -.28   -.04
-.29     .17    -.13   -.08    -.03     .03   -.12    -.29    -.19    -.31    -.32   -.44
-.31    -.06    -.06   -.36    -.40    -.46   -.23    -.34    -.20    -.49    -.38   -.41
-.84    -.62    -.37   -.41    -.53    -.36   -.29    -.28    -.38    -.41    -.24   -.34
-.54    -.74    -.14   -.13    -.19    -.17   -.21    -.23    -.14    -.18     .03   -.02
-.29    -.33    -.23    .05    -.04    -.15   -.14    -.08    -.15     .01    -.25   -.08
-.35    -.45    -.28   -.38    -.57    -.49   -.35    -.41    -.29    -.23    -.46   -.35
-.48    -.30    -.41   -.40    -.20    -.24   -.19    -.34    -.17    -.34    -.57   -.33
-.63    -.28    -.30   -.33    -.39    -.23   -.14    -.01    -.09    -.07     .04   -.32
-.33    -.19    -.43   -.30    -.18    -.25   -.28    -.01    -.09    -.23    -.24   -.35
-.50    -.50    -.42   -.32    -.30    -.31   -.23    -.26    -.29    -.13     .10   -.16
-.02     .04    -.31   -.02    -.05     .14   -.40    -.37    -.39    -.41    -.18   -.15
-.25    -.34    -.29   -.18    -.44    -.26   -.17    -.17    -.21    -.19    -.03    .15
 .06    -.05     .03   -.13    -.02     .05   -.09    -.11    -.05     .08    -.06    .05
-.14     .01    -.06    .06     .02    -.06    .02     .07     .24     .08     .13   -.04
 .00     .02    -.20   -.13    -.13    -.31   -.22    -.16    -.03    -.07    -.23   -.59
-.42    -.52    -.59   -.53    -.71    -.37   -.01    -.31    -.25    -.39    -.33   -.73
-.62    -.41    -.45   -.45    -.55    -.40   -.40    -.25    -.12     .10    -.23   -.33
-.37    -.17     .00   -.02    -.14    -.25   -.14    -.07    -.26    -.08    -.37   -.17
 .04    -.21     .02    .03    -.24    -.14    .07    -.08    -.07    -.17    -.08   -.38
-.11    -.12    -.10   -.10    -.07     .00   -.02    -.21    -.09    -.09    -.10   -.08
-.24    -.39    -.10    .08    -.27    -.21   -.03    -.12    -.13    -.18    -.09   -.01
-.27    -.27    -.20   -.28    -.21    -.24   -.42    -.29    -.11    -.05     .11    .13
-.16    -.34    -.05   -.25    -.19    -.13    .02    -.11    -.07    -.15     .05   -.22
-.42    -.27    -.13   -.09    -.11    -.17   -.19     .10    -.05    -.06     .12    .32
 .36     .31     .35    .14    -.10     .15    .04     .17     .12     .15     .14   -.05
-.01     .05    -.16   -.03     .07    -.08    .14     .01     .01     .21     .18   -.08
 .24     .18    -.05    .14    -.08    -.26    .08     .01     .05     .01     .21    .09
-.14    -.25    -.20   -.18    -.28    -.22   -.16    -.18    -.13     .18     .07   -.41
-.02    -.14     .08    .05     .10     .03    .13     .01    -.06    -.07     .27    .12
 .13    -.14     .12   -.01     .04     .19    .23     .24     .03     .21     .11    .26
 .32     .01    -.01    .30    -.01    -.11    .03    -.10     .07     .25     .09   -.05
-.20    -.02    -.11   -.08    -.04    -.14   -.14    -.12    -.13    -.03    -.32   -.34
-.12    -.05    -.26   -.14     .18     .07    .09     .11     .09     .13     .32    .28
-.07     .33     .18   -.09    -.19    -.01   -.01    -.01    -.20     .11    -.22    .00
-.15    -.24    -.13    .14    -.06     .08    .26     .09     .03     .10     .19    .17
 .00     .25    -.02    .06     .13     .17    .13     .20     .22     .28     .37    .13
 .04     .21     .20    .17     .11     .03    .09     .04     .14     .37     .20   -.07
 .00    -.12    -.25    .00     .07     .15    .02    -.06    -.06     .01     .01    .36
-.08     .06     .03    .08     .18     .22    .29     .17     .21     .17     .12    .39
 .16     .39     .08    .16     .19     .20    .22     .20    -.11     .13     .04    .19
  .36     .11     .10    .17     .17     .14    .06     .06     .13     .15     .24    .20
-.08     .07    -.07    .01     .04    -.12    .03    -.19    -.01     .29     .07    .23
 .34     .24     .16    .07     .00     .04    .05     .12     .24     .38     .23    .03
 .12     .05     .05    .27    -.13    -.05   -.06     .28     .11     .16     .13   -.15
 .04     .08     .09    .09     .08    -.02    .04     .00     .08     .01     .12   -.04
 .05     .10     .23    .27     .14     .16    .12     .11     .12     .32     .26   -.01
 .24     .03    -.02    .01     .21     .16    .03     .02     .11     .10     .02   -.13
 .05    -.12     .11   -.03     .00     .04    .05     .02     .04     .11     .00    .02
-.16    -.07     .08   -.05    -.05    -.02   -.06    -.11    -.06    -.09    -.17   -.07
-.28    -.33     .03    .09     .15     .03    .11     .20     .24     .20     .09    .28
 .21     .24    -.06    .07     .15     .02    .08     .11     .16     .10    -.10    .09
 .19     .16     .11    .33     .19     .22    .12     .12     .18     .15     .17    .21
-.16    -.07    -.09    .01    -.07    -.04   -.15    -.03     .03     .08     .25    .02
 .25     .04    -.29   -.10    -.12    -.13   -.18    -.04    -.09    -.03    -.22   -.23
-.12    -.23    -.21   -.19    -.27    -.13   -.18    -.26    -.23    -.16    -.14   -.15
-.10     .03    -.08    .00     .08     .16    .06     .14     .11     .06     .13    .26
 .43     .28     .27    .12     .17     .09    .11     .08     .08     .18     .10    .13
 .25     .10     .29    .15     .00     .16    .13     .07     .14    -.02     .07    .10
 .18     .30    -.21   -.13    -.06     .13    .02     .11     .15     .06     .06    .25
 .21     .24     .15    .11     .09     .11    .03     .03     .02     .08     .10    .01
 .16     .15     .23    .14     .00    -.04    .00     .01     .02     .02     .14    .10
-.01     .36    -.11   -.03    -.03    -.04    .07     .00     .02     .22     .14    .00
-.14    -.18    -.22   -.25    -.22    -.29   -.22    -.28    -.25    -.34    -.32   -.35
-.11    -.28    -.20   -.33    -.19    -.11   -.15    -.13    -.12    -.07    -.03   -.15
-.13    -.04    -.04   -.12    -.05     .05    .06     .04    -.04    -.24    -.11   -.08
-.24    -.27    -.02    .07     .18    -.11   -.05    -.05    -.05     .25     .00   -.02
-.18    -.19     .12   -.19    -.17    -.19   -.08    -.02    -.11    -.08    -.21   -.13
-.21    -.21     .00    .06     .16    -.01    .15     .06    -.02    -.01     .20    .28
 .08     .28     .06    .09    -.01     .19    .03    -.03    -.06    -.10     .04   -.19
-.18    -.21    -.19   -.20    -.19    -.24   -.12    -.10    -.02    -.07    -.07   -.21
-.42    -.37    -.10   -.06    -.06     .00    .07    -.05     .00     .01     .01    .18
 .28     .38     .39    .30     .29     .21    .12     .12     .03     .06     .07    .09
-.03    -.17     .05   -.05    -.08    -.11    .02    -.03    -.16    -.18    -.17   -.18
 .00     .13     .16    .10     .06     .02    .01    -.08    -.03    -.19    -.19   -.21
 .01    -.18    -.35   -.15    -.14    -.17   -.07    -.13    -.12    -.31    -.17   -.10
 .00     .11     .22    .24     .21     .29    .15     .13     .15     .11     .37    .19
 .16     .17     .27    .12     .08    -.02    .18    -.03     .03    -.02     .14    .09
 .25     .03     .21    .04     .09     .29    .27     .17     .22     .19     .31    .50
 .30     .41     .33    .36     .47     .32    .22     .14     .15     .21     .10    .22
 .52     .50     .50    .52     .31     .26    .22     .30     .33     .23     .26    .53
 .13     .27     .11    .18     .15     .08    .14     .17     .15     .03     .05    .19
 .40     .40     .37    .28     .33     .32    .37     .40     .27     .25     .47    .31
 .13     .04     .18    .07     .25     .14    .06     .03     .03     .16     .05   -.21
 .10    -.04     .13    .06     .13     .12    .06     .09     .03    -.02     .08    .12
 .42     .26     .17    .35     .25     .23    .06     .18     .08     .07     .14    .26
 .31     .46     .24    .30     .30     .38    .56     .36     .46     .22     .38    .57
 .59     .48     .53    .44     .52     .40    .37     .36     .34     .32     .12    .35
 .12     .51     .33    .34     .28     .24    .32     .33     .28     .22     .24    .35
 .40     .45     .91    .64     .58     .55    .39     .42     .34     .58     .55    .44
 .50     .44     .45    .61     .57     .45    .48     .37     .43     .32     .27    .19
 .38     .28     .38    .19     .20     .24    .02     .03    -.03    -.00     .02    .23
 .33     .38     .35    .38     .42     .33    .34     .32     .16     .27     .11    .16
 .36     .14     .28    .44     .40     .46    .37     .41     .32     .47     .42    .39
 .69     .88     .43    .62     .26     .48    .44     .52     .55     .54     .54    .34
 .41     .59     .34    .24     .45     .28    .30     .29     .17     .25     .38    .35
 .47     .40     .56    .43     .28     .36    .46     .44     .51     .53     .49    .47
 .62     .90     .83    .89     .81     .80    .81     .69     .58     .59     .57    .66
 .60     .89     .44    .50     .48     .43    .51     .45     .59     .43     .47    .62
 .33     .70     .49    .59     .43     .42    .35     .43     .35     .40     .24    .33
 .56     .53     .64    .52     .46     .50    .48     .65     .55     .55     .71    .72
 .71     .81     .98    .63     .63     .57    .67     .54     .62     .59     .64    .55
      
