198801 13.196 12.730 12.562 12.673
198802 12.128 12.012 11.917 11.879
198803 11.396 11.055 10.989 11.030
198804 11.013 10.902 10.934 10.953
198805 10.812 11.107 11.284 11.279
198806 10.474 10.443 10.482 10.588
198807 10.455 10.786 10.815 10.866
198808 10.392 10.747 10.901 11.039
198809 10.579 11.175 11.380 11.599
198810 11.310 12.629 12.799 12.842
198811 11.362 12.570 12.968 13.024
198812 12.399 13.648 13.814 13.907
198901 12.346 14.135 14.591 14.788
198902 13.470 14.563 14.903 14.996
198903 13.892 15.127 15.440 15.522
198904 13.909 14.780 14.999 15.072
198905 13.974 14.765 14.906 14.983
198906 14.422 14.896 14.981 14.965
198907 15.107 15.530 15.452 15.250
198908 15.103 15.307 15.157 15.057
198909 14.985 15.064 14.838 14.766
198910 14.828 14.959 14.756 14.717
198911 15.183 15.331 15.239 15.212
198912 15.487 15.979 15.915 15.896
199001 15.065 15.604 15.623 15.643
199002 15.059 15.498 15.635 15.703
199003 14.785 15.434 15.609 15.786
199004 14.580 14.992 15.178 15.446
199005 14.664 15.046 15.243 15.461
199006 14.742 14.996 15.100 15.260
199007 14.710 15.010 15.084 15.200
199008 14.637 15.018 15.145 15.317
199009 14.655 15.157 15.383 15.714
199010 14.612 14.967 15.049 15.319
199011 14.703 14.978 15.029 15.197
199012 14.913 15.119 15.196 15.268
199101 14.591 15.148 15.246 15.292
199102 14.563 14.703 14.604 14.585
199103 14.083 13.787 13.629 13.590
199104 13.580 13.463 13.230 13.136
199105 13.173 12.936 12.677 12.519
199106 12.663 12.494 12.274 12.233
199107 12.720 12.821 12.681 12.646
199108 12.645 12.717 12.683 12.656
199109 12.592 12.394 12.285 12.274
199110 12.579 12.618 12.477 12.436
199111 12.610 12.720 12.702 12.682
199112 12.643 12.920 12.950 12.925
199201 12.717 12.878 12.853 12.761
199202 12.595 12.749 12.678 12.572
199203 12.366 12.574 12.545 12.528
199204 12.124 12.546 12.566 12.567
199205 12.422 12.502 12.493 12.485
199206 12.379 12.624 12.740 12.794
199207 12.659 12.950 13.103 13.137
199208 13.010 13.483 13.706 13.892
199209 13.030 14.118 14.186 14.173
199210 13.406 14.234 14.147 14.173
199211 14.274 14.290 14.098 14.119
199212 15.104 15.156 14.776 14.507
199301 14.361 14.405 14.098 13.843
199302 14.768 13.829 13.409 13.051
199303 15.666 14.645 13.829 13.245
199304 14.246 13.968 13.420 13.028
199305 13.617 12.847 12.219 11.963
199306 11.636 11.102 10.705 10.409
199307 12.385 11.271 10.716 10.221
199308 10.742 10.553 10.290 9.784
199309 10.190 9.979 9.765 9.334
199310 10.688 9.580 9.398 9.102
199311 9.589 9.215 8.935 8.742
199312 9.137 8.863 8.582 8.238
199401 8.999 8.766 8.428 8.090
199402 8.800 8.622 8.431 8.139
199403 8.166 8.144 8.093 8.041
199404 7.953 7.876 7.840 7.879
199405 7.628 7.680 7.721 7.835
199406 7.517 7.710 7.868 8.198
199407 7.562 7.750 8.041 8.345
199408 7.457 7.810 8.055 8.482
199409 7.358 7.840 8.284 8.875
199410 7.419 7.820 8.238 8.970
199411 7.406 7.860 8.268 9.019
199412 7.473 8.220 8.706 9.445
199501 8.016 8.940 9.562 10.422
199502 8.050 8.600 9.132 9.942
199503 8.652 9.560 9.987 10.506
199504 8.566 9.350 9.741 10.409
199505 8.707 9.380 9.725 10.300
199506 9.399 9.630 9.899 10.363
199507 9.438 9.650 9.844 10.272
199508 9.466 9.600 9.728 9.982
199509 9.335 9.380 9.417 9.572
199510 9.302 9.480 9.524 9.634
199511 9.441 9.480 9.436 9.430
199512 9.413 9.210 9.170 9.136
199601 9.016 8.890 8.712 8.659
199602 9.034 8.710 8.547 8.473
199603 8.510 8.440 8.367 8.365
199604 7.818 7.580 7.504 7.585
199605 7.661 7.470 7.409 7.419
199606 7.309 7.300 7.264 7.276
199607 7.387 7.250 7.190 7.201
199608 7.440 7.330 7.291 7.269
199609 7.330 7.060 7.001 6.975
199610 6.849 6.850 6.725 6.668
199611 6.875 6.700 6.519 6.388
199612 6.550 6.360 6.140 5.990
199701 6.110 5.930 5.690 5.490
199702 6.150 5.890 5.710 5.580
199703 5.830 5.830 5.780 5.790
199704 5.600 5.560 5.530 5.500
199705 5.470 5.270 5.200 5.170
199706 5.340 5.210 5.140 5.100
199707 5.340 5.270 5.190 5.130
199708 5.490 5.340 5.260 5.210
199709 5.310 5.170 5.090 4.990
199710 5.120 5.120 5.050 4.980
199711 5.180 5.040 4.950 4.810
199712 4.890 4.830 4.700 4.620
199801 4.830 4.700 4.520 4.420
199802 5.290 4.640 4.430 4.330
199803 4.590 4.440 4.250 4.160
199804 4.590 4.410 4.260 4.220
199805 4.320 4.340 4.230 4.220
199806 4.330 4.330 4.230 4.190
199807 4.400 4.330 4.220 4.140
199808 4.600 4.350 4.170 4.070
199809 4.470 4.250 3.950 3.830
199810 4.040 3.990 3.720 3.640
199811 3.620 3.800 3.640 3.620
199812 3.000 3.360 3.290 3.240
199901 3.110 3.110 3.090 3.060
199902 3.090 3.060 3.010 3.040
199903 2.910 3.030 2.950 3.030
199904 2.690 2.680 2.690 2.710
199905 2.540 2.560 2.680 2.660
199906 2.560 2.600 2.660 2.780
199907 2.510 2.660 2.860 3.020
199908 2.430 2.680 3.020 3.230
199909 2.420 2.690 3.070 3.260
199910 2.480 3.320 3.430 3.610
199911 2.920 3.440 3.480 3.660
199912 3.020 3.450 3.520 3.810
200001 3.020 3.310 3.540 3.920
200002 3.250 3.520 3.730 4.090
200003 3.500 3.740 3.920 4.240
200004 3.690 3.920 4.110 4.360
200005 3.920 4.360 4.550 4.850
200006 4.270 4.500 4.680 4.950
200007 4.300 4.570 4.820 5.100
200008 4.410 4.780 4.980 5.270
200009 4.580 4.850 5.020 5.190
200010 4.740 5.030 5.120 5.190
200011 4.830 5.080 5.130 5.160
200012 4.830 4.930 4.910 4.860
200101 4.750 4.750 4.670 4.560
200102 4.960 4.730 4.640 4.590
200103 4.770 4.700 4.600 4.480
200104 4.980 4.670 4.570 4.460
200105 4.630 4.630 4.550 4.510
200106 4.530 4.450 4.340 4.290
200107 4.500 4.440 4.380 4.300
200108 4.480 4.360 4.220 4.110
200109 3.980 3.960 3.820 3.760
200110 3.960 3.570 3.450 3.350
200111 3.500 3.360 3.250 3.190
200112 3.290 3.350 3.250 3.240
200201 3.290 3.320 3.340 3.480
200202 3.270 3.340 3.390 3.570
200203 3.250 3.380 3.490 3.800