Year Mon Day IL MI OH 
1976 1 1 6.4 9.8 8.2
1976 2 1 6.4 9.7 8.1
1976 3 1 6.3 9.8 8
1976 4 1 6.2 9.7 7.9
1976 5 1 6.3 9.6 7.8
1976 6 1 6.8 9.6 7.6
1976 7 1 6.8 9.6 7.5
1976 8 1 6.8 9 7.5
1976 9 1 6.8 9.2 7.4
1976 10 1 6.7 9.2 7.5
1976 11 1 6.6 9.1 7.6
1976 12 1 6.6 9 7.5
1977 1 1 6 8.8 7.2
1977 2 1 6 8.8 7.7
1977 3 1 5.9 8.7 7
1977 4 1 5.8 8.3 6.5
1977 5 1 5.9 8.2 6.4
1977 6 1 6.3 8.2 6.3
1977 7 1 6.3 8.2 6.1
1977 8 1 6.4 8.4 6
1977 9 1 6.4 8.1 6.1
1977 10 1 6.5 7.8 6
1977 11 1 6.5 7.7 5.9
1977 12 1 6.3 7.5 5.9
1978 1 1 6.5 7.2 5.7
1978 2 1 6.4 7.2 5.8
1978 3 1 6.3 7 5.8
1978 4 1 6 7 5.5
1978 5 1 6.2 6.9 5.4
1978 6 1 5.9 7 5.4
1978 7 1 6 7.1 5.3
1978 8 1 6 7.4 5.4
1978 9 1 5.8 6.9 5.5
1978 10 1 5.8 6.8 5.4
1978 11 1 5.6 7 5.4
1978 12 1 5.6 7.1 5.4
1979 1 1 5.3 7 5.7
1979 2 1 5.3 7 5.6
1979 3 1 5.4 7.2 5.5
1979 4 1 5.5 7.6 5.8
1979 5 1 5.2 7.3 5.6
1979 6 1 5.2 7.3 5.6
1979 7 1 5.2 7.6 5.8
1979 8 1 5.2 8.5 6.1
1979 9 1 5.7 8.4 6
1979 10 1 5.9 8.5 6
1979 11 1 6.2 8.8 6.2
1979 12 1 6.5 9.4 6.3
1980 1 1 6.8 10.1 6.5
1980 2 1 7 10.8 6.6
1980 3 1 7.2 11.2 6.7
1980 4 1 7.3 11.9 7.2
1980 5 1 8 12.6 9.3
1980 6 1 8.6 13 9.7
1980 7 1 9 13.2 9.9
1980 8 1 8.8 12.8 9.7
1980 9 1 8.8 12.8 9.5
1980 10 1 8.9 12.5 9.2
1980 11 1 8.8 12.2 9
1980 12 1 8.8 12 9
1981 1 1 8.7 12.3 9.3
1981 2 1 8.6 12.4 9.2
1981 3 1 8.7 12.3 9.1
1981 4 1 8.4 11.9 8.9
1981 5 1 8.4 11.9 9.1
1981 6 1 8.3 11.9 9.1
1981 7 1 8.2 12.1 9.3
1981 8 1 8.4 12.4 9.5
1981 9 1 8.5 12.5 9.7
1981 10 1 8.6 12.7 10.1
1981 11 1 8.9 13.4 10.6
1981 12 1 9 14.3 11.1
1982 1 1 9.6 14.7 11.5
1982 2 1 9.7 14.8 11.8
1982 3 1 10.1 15 12.1
1982 4 1 10.6 15.2 12.3
1982 5 1 10.8 15 12.3
1982 6 1 11.3 15.1 12.4
1982 7 1 11.7 15.2 12.6
1982 8 1 11.8 15.4 12.8
1982 9 1 12.2 15.8 13.1
1982 10 1 12.4 16.6 13.4
1982 11 1 12.7 16.9 13.7
1982 12 1 12.8 16.8 13.8
1983 1 1 12.8 16.5 13.8
1983 2 1 12.9 16 13.6
1983 3 1 12.7 15.8 13.6
1983 4 1 12.6 15.6 13.4
1983 5 1 12.3 15.3 13.2
1983 6 1 12.1 14.8 13
1983 7 1 11.7 14.2 11.4
1983 8 1 11.3 14 11.2
1983 9 1 10.8 13.8 11
1983 10 1 10.6 13.5 10.9
1983 11 1 10.3 13 10.7
1983 12 1 10.1 12.7 10.4
1984 1 1 9.9 12.1 10.1
1984 2 1 9.6 11.9 9.8
1984 3 1 9.6 11.7 9.8
1984 4 1 9.4 11.6 9.7
1984 5 1 9.1 11.6 9.6
1984 6 1 8.8 11.4 9.3
1984 7 1 8.7 11.1 9.2
1984 8 1 8.7 11 9.2
1984 9 1 8.8 11 9.1
1984 10 1 8.8 11 9.1
1984 11 1 8.7 11.1 9.1
1984 12 1 8.8 10.9 9.1
1985 1 1 8.9 10.5 8.9
1985 2 1 8.9 10.3 9
1985 3 1 8.7 10.4 9
1985 4 1 9.2 10.4 9
1985 5 1 9.2 10.3 8.8
1985 6 1 9.2 10.2 8.8
1985 7 1 9.1 10.1 8.9
1985 8 1 9.1 10 8.9
1985 9 1 9.2 10 9
1985 10 1 9.3 9.8 8.9
1985 11 1 9.2 9.6 8.9
1985 12 1 8.9 9.1 8.7
1986 1 1 8.7 9 8.6
1986 2 1 8.9 9 8.5
1986 3 1 8.7 9 8.5
1986 4 1 8.5 9 8.4
1986 5 1 8.5 9.2 8.3
1986 6 1 8.3 9 8.3
1986 7 1 8.2 8.8 8.1
1986 8 1 8.1 8.6 8.2
1986 9 1 8 8.9 8.2
1986 10 1 7.9 8.8 8.2
1986 11 1 7.7 8.6 7.9
1986 12 1 7.6 8.3 7.9
1987 1 1 7.6 8.1 7.7
1987 2 1 7.6 8.2 7.6
1987 3 1 7.7 8.2 7.5
1987 4 1 7.8 8.3 7.3
1987 5 1 7.8 8.4 7.2
1987 6 1 7.6 8.5 7.1
1987 7 1 7.4 8.7 7
1987 8 1 7.2 8.4 6.9
1987 9 1 7.1 8.3 6.6
1987 10 1 7.1 8.2 6.6
1987 11 1 7 8.2 6.4
1987 12 1 7.1 8.2 6.4
1988 1 1 7 8.4 6.4
1988 2 1 7.2 8.2 6.4
1988 3 1 7.2 8 6.4
1988 4 1 7.1 7.8 6.2
1988 5 1 7 7.5 6.2
1988 6 1 6.8 7.4 6
1988 7 1 6.6 7.3 5.9
1988 8 1 6.7 7.6 6
1988 9 1 6.4 7.4 6
1988 10 1 6.5 7.3 5.9
1988 11 1 6.5 7.1 5.7
1988 12 1 6.3 7.2 5.6
1989 1 1 6 6.8 5.3
1989 2 1 5.9 6.7 5.2
1989 3 1 6 6.8 5.3
1989 4 1 6 6.8 5.3
1989 5 1 6 6.9 5.5
1989 6 1 5.9 7.2 5.6
1989 7 1 5.8 7.3 5.5
1989 8 1 6 7.3 5.6
1989 9 1 6.1 7.6 5.7
1989 10 1 6.3 7.7 5.8
1989 11 1 6.4 7.6 5.8
1989 12 1 6.4 7.5 5.7
1990 1 1 6.2 8.3 5.8
1990 2 1 6.1 7.6 5.3
1990 3 1 6.1 7.4 5.3
1990 4 1 6.3 7.4 5.9
1990 5 1 6.1 7.5 5.8
1990 6 1 6.1 7.5 5.7
1990 7 1 6.3 7.5 5.7
1990 8 1 6.4 7.6 5.7
1990 9 1 6.5 7.6 5.7
1990 10 1 6.3 7.9 5.8
1990 11 1 6.3 8.3 6
1990 12 1 6.3 8.3 6.2
1991 1 1 6.5 8.6 6.3
1991 2 1 6.5 9.2 6.7
1991 3 1 6.8 9.5 6.8
1991 4 1 6.8 9.6 6.8
1991 5 1 6.7 9.3 6.5
1991 6 1 6.9 9.3 6.5
1991 7 1 7.1 9 6.5
1991 8 1 7.4 9.2 6.4
1991 9 1 7.5 9.4 6.5
1991 10 1 7.9 9.5 6.5
1991 11 1 8.3 9.5 6.6
1991 12 1 8.7 9.5 6.9
1992 1 1 8.5 9.7 7.2
1992 2 1 8.5 9.7 7.3
1992 3 1 8.4 9.7 7.4
1992 4 1 8.3 9.5 7.4
1992 5 1 8.2 9.4 7.4
1992 6 1 8.2 9.3 7.5
1992 7 1 7.8 9.3 7.3
1992 8 1 7.4 9.1 7.4
1992 9 1 7.2 9 7.4
1992 10 1 6.9 8.8 7.4
1992 11 1 7.2 8.4 7.3
1992 12 1 7.3 8.1 7.2
1993 1 1 7.3 7.5 7
1993 2 1 7.5 7.4 6.8
1993 3 1 7.8 7.3 6.8
1993 4 1 7.9 7.4 6.9
1993 5 1 7.8 7.5 6.8
1993 6 1 7.7 7.5 6.7
1993 7 1 7.4 7.3 6.7
1993 8 1 7.4 7.4 6.7
1993 9 1 7.5 7.4 6.7
1993 10 1 7.1 7.3 6.6
1993 11 1 6.6 7.2 6.5
1993 12 1 6.5 7.2 6.5
1994 1 1 6.5 6.9 6.1
1994 2 1 6.4 7 6.1
1994 3 1 6.2 6.6 6.1
1994 4 1 6 6.4 6
1994 5 1 5.9 6.3 6
1994 6 1 5.7 6.1 5.8
1994 7 1 5.7 6.1 5.7
1994 8 1 5.6 6 5.5
1994 9 1 5.5 5.9 5.4
1994 10 1 5.6 5.7 5.1
1994 11 1 5.2 5.4 4.9
1994 12 1 5.1 5.3 4.9
1995 1 1 5.2 5.4 4.7
1995 2 1 5.2 5.4 4.7
1995 3 1 5 5.5 4.6
1995 4 1 5.4 5.5 4.7
1995 5 1 5.4 5.5 4.8
1995 6 1 5 5.6 4.9
1995 7 1 5.1 5.5 5
1995 8 1 5.4 5.3 5.1
1995 9 1 5.2 5.2 5
1995 10 1 5.1 5 5
1995 11 1 5.1 5.1 5.1
1995 12 1 5.3 5 5.1
1996 1 1 5.4 4.9 5.1
1996 2 1 5.3 4.9 5
1996 3 1 5.4 5 5.1
1996 4 1 5.5 5 5
1996 5 1 5.5 5 5
1996 6 1 5.4 5 5
1996 7 1 5.4 4.9 4.9
1996 8 1 5.4 4.9 4.9
1996 9 1 5.3 4.9 5
1996 10 1 5.2 4.9 4.9
1996 11 1 5.1 4.8 5
1996 12 1 5.1 4.8 4.9
1997 1 1 5.1 4.7 4.9
1997 2 1 5 4.5 4.9
1997 3 1 5 4.3 4.7
1997 4 1 4.9 4.5 4.7
1997 5 1 4.6 4.2 4.6
1997 6 1 4.6 4.3 4.6
1997 7 1 4.7 4.3 4.6
1997 8 1 4.7 4.2 4.5
1997 9 1 4.7 4.3 4.6
1997 10 1 4.7 4.2 4.5
1997 11 1 4.9 4.2 4.5
1997 12 1 5 4.1 4.4
1998 1 1 4.9 4 4.2
1998 2 1 4.6 4 4.2
1998 3 1 4.6 3.9 4.3
1998 4 1 4.3 3.7 4.2
1998 5 1 4.2 3.8 4.3
1998 6 1 4.5 3.9 4.4
1998 7 1 4.4 4.6 4.8
1998 8 1 4.4 3.9 4.4
1998 9 1 4.6 4 4.4
1998 10 1 4.5 4 4.3
1998 11 1 4.5 3.9 4.3
1998 12 1 4.3 4 4.2
1999 1 1 4.3 4 4.2
1999 2 1 4.2 4.1 4.1
1999 3 1 4.1 3.9 4.2
1999 4 1 4.3 3.8 4.2
1999 5 1 4.6 3.8 4.3
1999 6 1 4.6 3.8 4.4
1999 7 1 4.7 3.6 4.4
1999 8 1 4.7 3.6 4.4
1999 9 1 4.6 3.7 4.4
1999 10 1 4.5 3.8 4.3
1999 11 1 4.4 3.7 4.2
1999 12 1 4.4 3.6 4.1
2000 1 1 4.4 3.3 4
2000 2 1 4.5 3.2 4.1
2000 3 1 4.4 3.2 3.9
2000 4 1 4.3 3.4 4
2000 5 1 4.4 3.6 4.1
2000 6 1 4.4 3.7 4.1
2000 7 1 4.5 3.9 4.1
2000 8 1 4.5 4 4.1
2000 9 1 4.5 4 4.1
2000 10 1 4.4 4 4
2000 11 1 4.8 4.1 3.9
2000 12 1 4.9 4.2 3.9
2001 1 1 5.1 4.7 4
2001 2 1 5.1 4.7 3.9
2001 3 1 5.3 4.7 3.9
2001 4 1 5.3 4.8 4.1
2001 5 1 5.2 5 4.2
2001 6 1 5.3 5 4.4
2001 7 1 5.4 5.1 4.5
2001 8 1 5.5 5.3 4.6
2001 9 1 5.5 5.4 4.7
2001 10 1 5.6 5.6 4.9
2001 11 1 5.9 6 5
2001 12 1 6 6 5.1
2002 1 1 6.2 6.2 5.4
2002 2 1 6.2 6 5.5
2002 3 1 6.4 6.3 5.7
2002 4 1 6.6 6.3 5.8
2002 5 1 6.6 6.3 5.8
2002 6 1 6.7 6.4 5.8
2002 7 1 6.8 6.2 5.8
2002 8 1 6.5 6.1 5.7
2002 9 1 6.6 6.1 5.8
2002 10 1 6.7 6.2 5.8
2002 11 1 6.7 6.3 5.8
2002 12 1 6.6 6.5 5.9
2003 1 1 6.7 6.7 6
2003 2 1 6.7 6.9 6.1
2003 3 1 6.8 7 6.2
2003 4 1 6.6 7.3 6.3
2003 5 1 6.5 7.2 6.2
2003 6 1 6.7 7.3 6.3
2003 7 1 6.9 7.3 6.3
2003 8 1 6.9 7.2 6.1
2003 9 1 6.9 7.2 6.1
2003 10 1 6.7 7.2 6
2003 11 1 6.7 7 6
2003 12 1 6.6 7 6.1
2004 1 1 6.5 6.9 6.1
2004 2 1 6.5 7.1 6.1
2004 3 1 6.4 7.1 6.1
2004 4 1 6.2 6.7 6.1
2004 5 1 6.3 7 6.1
2004 6 1 6.1 7.1 6.2
2004 7 1 6.2 7.2 6.2
2004 8 1 6.2 7 6.2
2004 9 1 6.1 7.1 6.2
2004 10 1 6.2 7.1 6.2
2004 11 1 6.2 7.2 6.2
2004 12 1 6 7.2 6
2005 1 1 5.9 7.1 6
2005 2 1 5.9 7.1 6.1
2005 3 1 6 7.1 6.1
2005 4 1 6 7 5.9
2005 5 1 6 6.9 6
2005 6 1 6 6.9 5.9
2005 7 1 5.9 6.8 5.8
2005 8 1 5.8 6.8 5.8
2005 9 1 5.7 6.6 5.8
2005 10 1 5.5 6.5 5.7
2005 11 1 5.3 6.6 5.6
2005 12 1 5.4 6.7 5.6
2006 1 1 5.2 6.8 5.5
2006 2 1 4.9 6.9 5.3
2006 3 1 4.9 6.8 5.3
2006 4 1 4.7 6.7 5.4
2006 5 1 4.6 6.6 5.4
2006 6 1 4.5 6.8 5.4
2006 7 1 4.5 6.9 5.5
2006 8 1 4.5 7 5.5
2006 9 1 4.5 7.1 5.5
2006 10 1 4.3 7.1 5.4
2006 11 1 4.3 7 5.5
2006 12 1 4.5 7.1 5.5
2007 1 1 4.7 7 5.4
2007 2 1 4.9 6.9 5.5
2007 3 1 4.7 6.9 5.5
2007 4 1 4.9 7 5.6
2007 5 1 4.9 7 5.6
2007 6 1 5.1 7.1 5.7
2007 7 1 5.1 7 5.6
2007 8 1 5.2 7.2 5.7
2007 9 1 5.3 7.2 5.7
2007 10 1 5.4 7.4 5.7
2007 11 1 5.4 7.3 5.7
2007 12 1 5.6 7.3 5.8
2008 1 1 5.8 7.3 5.7
2008 2 1 5.9 7.4 5.9
2008 3 1 6 7.6 6.1
2008 4 1 6.2 7.9 6.2
2008 5 1 6.4 8.2 6.3
2008 6 1 6.6 8.1 6.4
2008 7 1 6.7 8.3 6.7
2008 8 1 6.7 8.6 6.7
2008 9 1 6.7 8.9 6.8
2008 10 1 6.8 9.1 6.9
2008 11 1 6.9 9.6 7.1
2008 12 1 7.2 10.2 7.4
2009 1 1 7.8 11.6 8.8
2009 2 1 8.6 12 9.5
2009 3 1 9 12.6 9.7
2009 4 1 9.4 12.9 10.2
2009 5 1 10.1 14.1 10.8
2009 6 1 10.3 15.2 11.1
2009 7 1 10.4 15 11.2
2009 8 1 10 15.2 10.8
2009 9 1 10.5 15.3 10.1
2009 10 1 11 15.1 10.5
2009 11 1 10.9 14.7 10.6
