year mon tb3m cpiaucsl
1947 1 0.38 21.48
1947 2 0.38 21.62
1947 3 0.38 22
1947 4 0.38 22
1947 5 0.38 21.95
1947 6 0.38 22.08
1947 7 0.66 22.23
1947 8 0.75 22.4
1947 9 0.8 22.84
1947 10 0.85 22.91
1947 11 0.92 23.06
1947 12 0.95 23.41
1948 1 0.97 23.68
1948 2 1 23.67
1948 3 1 23.5
1948 4 1 23.82
1948 5 1 24.01
1948 6 1 24.15
1948 7 1 24.4
1948 8 1.06 24.43
1948 9 1.09 24.36
1948 10 1.12 24.31
1948 11 1.14 24.16
1948 12 1.16 24.05
1949 1 1.17 24.01
1949 2 1.17 23.91
1949 3 1.17 23.91
1949 4 1.17 23.92
1949 5 1.17 23.91
1949 6 1.17 23.92
1949 7 1.02 23.7
1949 8 1.04 23.7
1949 9 1.07 23.75
1949 10 1.05 23.67
1949 11 1.08 23.7
1949 12 1.1 23.61
1950 1 1.07 23.51
1950 2 1.12 23.61
1950 3 1.12 23.64
1950 4 1.15 23.65
1950 5 1.16 23.77
1950 6 1.15 23.88
1950 7 1.16 24.07
1950 8 1.2 24.2
1950 9 1.3 24.34
1950 10 1.31 24.5
1950 11 1.36 24.6
1950 12 1.34 24.98
1951 1 1.34 25.38
1951 2 1.36 25.83
1951 3 1.4 25.88
1951 4 1.47 25.92
1951 5 1.55 25.99
1951 6 1.45 25.93
1951 7 1.56 25.91
1951 8 1.62 25.86
1951 9 1.63 26.03
1951 10 1.54 26.16
1951 11 1.56 26.32
1951 12 1.73 26.47
1952 1 1.57 26.45
1952 2 1.54 26.41
1952 3 1.59 26.39
1952 4 1.57 26.46
1952 5 1.67 26.47
1952 6 1.7 26.53
1952 7 1.81 26.68
1952 8 1.83 26.69
1952 9 1.71 26.63
1952 10 1.74 26.69
1952 11 1.85 26.69
1952 12 2.09 26.71
1953 1 1.96 26.64
1953 2 1.97 26.59
1953 3 2.01 26.63
1953 4 2.19 26.69
1953 5 2.16 26.7
1953 6 2.11 26.77
1953 7 2.04 26.79
1953 8 2.04 26.85
1953 9 1.79 26.89
1953 10 1.38 26.95
1953 11 1.44 26.85
1953 12 1.6 26.87
1954 1 1.18 26.94
1954 2 0.97 26.99
1954 3 1.03 26.93
1954 4 0.97 26.86
1954 5 0.76 26.93
1954 6 0.64 26.94
1954 7 0.72 26.86
1954 8 0.92 26.85
1954 9 1.01 26.81
1954 10 0.98 26.72
1954 11 0.93 26.78
1954 12 1.15 26.77
1955 1 1.22 26.77
1955 2 1.17 26.82
1955 3 1.28 26.79
1955 4 1.59 26.79
1955 5 1.45 26.77
1955 6 1.41 26.71
1955 7 1.6 26.76
1955 8 1.9 26.72
1955 9 2.07 26.85
1955 10 2.23 26.82
1955 11 2.24 26.88
1955 12 2.54 26.87
1956 1 2.41 26.83
1956 2 2.32 26.86
1956 3 2.25 26.89
1956 4 2.6 26.93
1956 5 2.61 27.03
1956 6 2.49 27.15
1956 7 2.31 27.29
1956 8 2.6 27.31
1956 9 2.84 27.35
1956 10 2.9 27.51
1956 11 2.99 27.51
1956 12 3.21 27.63
1957 1 3.11 27.67
1957 2 3.1 27.8
1957 3 3.08 27.86
1957 4 3.07 27.93
1957 5 3.06 28
1957 6 3.29 28.11
1957 7 3.16 28.19
1957 8 3.37 28.28
1957 9 3.53 28.32
1957 10 3.58 28.32
1957 11 3.31 28.41
1957 12 3.04 28.47
1958 1 2.44 28.64
1958 2 1.53 28.7
1958 3 1.3 28.87
1958 4 1.13 28.94
1958 5 0.91 28.94
1958 6 0.83 28.91
1958 7 0.91 28.89
1958 8 1.69 28.94
1958 9 2.44 28.91
1958 10 2.63 28.91
1958 11 2.67 28.95
1958 12 2.77 28.97
1959 1 2.82 29.01
1959 2 2.7 29
1959 3 2.8 28.97
1959 4 2.95 28.98
1959 5 2.84 29.04
1959 6 3.21 29.11
1959 7 3.2 29.15
1959 8 3.38 29.18
1959 9 4.04 29.25
1959 10 4.05 29.35
1959 11 4.15 29.35
1959 12 4.49 29.41
1960 1 4.35 29.37
1960 2 3.96 29.41
1960 3 3.31 29.41
1960 4 3.23 29.54
1960 5 3.29 29.57
1960 6 2.46 29.61
1960 7 2.3 29.55
1960 8 2.3 29.61
1960 9 2.48 29.61
1960 10 2.3 29.75
1960 11 2.37 29.78
1960 12 2.25 29.81
1961 1 2.24 29.84
1961 2 2.42 29.84
1961 3 2.39 29.84
1961 4 2.29 29.81
1961 5 2.29 29.84
1961 6 2.33 29.84
1961 7 2.24 29.92
1961 8 2.39 29.94
1961 9 2.28 29.98
1961 10 2.3 29.98
1961 11 2.48 29.98
1961 12 2.6 30.01
1962 1 2.72 30.04
1962 2 2.73 30.11
1962 3 2.72 30.17
1962 4 2.73 30.21
1962 5 2.69 30.24
1962 6 2.73 30.21
1962 7 2.92 30.22
1962 8 2.82 30.28
1962 9 2.78 30.42
1962 10 2.74 30.38
1962 11 2.83 30.38
1962 12 2.87 30.38
1963 1 2.91 30.44
1963 2 2.92 30.48
1963 3 2.89 30.51
1963 4 2.9 30.48
1963 5 2.93 30.51
1963 6 2.99 30.61
1963 7 3.18 30.69
1963 8 3.32 30.75
1963 9 3.38 30.72
1963 10 3.45 30.75
1963 11 3.52 30.78
1963 12 3.52 30.88
1964 1 3.52 30.94
1964 2 3.53 30.91
1964 3 3.54 30.94
1964 4 3.47 30.95
1964 5 3.48 30.98
1964 6 3.48 31.01
1964 7 3.46 31.02
1964 8 3.5 31.05
1964 9 3.53 31.08
1964 10 3.57 31.12
1964 11 3.64 31.21
1964 12 3.84 31.25
1965 1 3.81 31.28
1965 2 3.93 31.28
1965 3 3.93 31.31
1965 4 3.93 31.38
1965 5 3.89 31.48
1965 6 3.8 31.61
1965 7 3.84 31.58
1965 8 3.84 31.55
1965 9 3.92 31.62
1965 10 4.03 31.65
1965 11 4.09 31.75
1965 12 4.38 31.85
1966 1 4.59 31.88
1966 2 4.65 32.08
1966 3 4.59 32.18
1966 4 4.62 32.28
1966 5 4.64 32.35
1966 6 4.5 32.38
1966 7 4.8 32.45
1966 8 4.96 32.65
1966 9 5.37 32.75
1966 10 5.35 32.85
1966 11 5.32 32.88
1966 12 4.96 32.92
1967 1 4.72 32.9
1967 2 4.56 33
1967 3 4.26 33
1967 4 3.84 33.1
1967 5 3.6 33.1
1967 6 3.54 33.3
1967 7 4.21 33.4
1967 8 4.27 33.5
1967 9 4.42 33.6
1967 10 4.56 33.7
1967 11 4.73 33.9
1967 12 4.97 34
1968 1 5 34.1
1968 2 4.98 34.2
1968 3 5.17 34.3
1968 4 5.38 34.4
1968 5 5.66 34.5
1968 6 5.52 34.7
1968 7 5.31 34.9
1968 8 5.09 35
1968 9 5.19 35.1
1968 10 5.35 35.3
1968 11 5.45 35.4
1968 12 5.96 35.6
1969 1 6.14 35.7
1969 2 6.12 35.8
1969 3 6.02 36.1
1969 4 6.11 36.3
1969 5 6.04 36.4
1969 6 6.44 36.6
1969 7 7 36.8
1969 8 6.98 36.9
1969 9 7.09 37.1
1969 10 7 37.3
1969 11 7.24 37.5
1969 12 7.82 37.7
1970 1 7.87 37.9
1970 2 7.13 38.1
1970 3 6.63 38.3
1970 4 6.51 38.5
1970 5 6.84 38.6
1970 6 6.68 38.8
1970 7 6.45 38.9
1970 8 6.41 39
1970 9 6.12 39.2
1970 10 5.91 39.4
1970 11 5.28 39.6
1970 12 4.87 39.8
1971 1 4.44 39.9
1971 2 3.7 39.9
1971 3 3.38 40
1971 4 3.86 40.1
1971 5 4.14 40.3
1971 6 4.75 40.5
1971 7 5.4 40.6
1971 8 4.94 40.7
1971 9 4.69 40.8
1971 10 4.46 40.9
1971 11 4.22 41
1971 12 4.01 41.1
1972 1 3.38 41.2
1972 2 3.2 41.4
1972 3 3.73 41.4
1972 4 3.71 41.5
1972 5 3.69 41.6
1972 6 3.91 41.7
1972 7 3.98 41.8
1972 8 4.02 41.9
1972 9 4.66 42.1
1972 10 4.74 42.2
1972 11 4.78 42.4
1972 12 5.07 42.5
1973 1 5.41 42.7
1973 2 5.6 43
1973 3 6.09 43.4
1973 4 6.26 43.7
1973 5 6.36 43.9
1973 6 7.19 44.2
1973 7 8.01 44.2
1973 8 8.67 45
1973 9 8.29 45.2
1973 10 7.22 45.6
1973 11 7.83 45.9
1973 12 7.45 46.3
1974 1 7.77 46.8
1974 2 7.12 47.3
1974 3 7.96 47.8
1974 4 8.33 48.1
1974 5 8.23 48.6
1974 6 7.9 49
1974 7 7.55 49.3
1974 8 8.96 49.9
1974 9 8.06 50.6
1974 10 7.46 51
1974 11 7.47 51.5
1974 12 7.15 51.9
1975 1 6.26 52.3
1975 2 5.5 52.6
1975 3 5.49 52.8
1975 4 5.61 53
1975 5 5.23 53.1
1975 6 5.34 53.5
1975 7 6.13 54
1975 8 6.44 54.2
1975 9 6.42 54.6
1975 10 5.96 54.9
1975 11 5.48 55.3
1975 12 5.44 55.6
1976 1 4.87 55.8
1976 2 4.88 55.9
1976 3 5 56
1976 4 4.86 56.1
1976 5 5.2 56.4
1976 6 5.41 56.7
1976 7 5.23 57
1976 8 5.14 57.3
1976 9 5.08 57.6
1976 10 4.92 57.9
1976 11 4.75 58.1
1976 12 4.35 58.4
1977 1 4.62 58.7
1977 2 4.67 59.3
1977 3 4.6 59.6
1977 4 4.54 60
1977 5 4.96 60.2
1977 6 5.02 60.5
1977 7 5.19 60.8
1977 8 5.49 61.1
1977 9 5.81 61.3
1977 10 6.16 61.6
1977 11 6.1 62
1977 12 6.07 62.3
1978 1 6.44 62.7
1978 2 6.45 63
1978 3 6.29 63.4
1978 4 6.29 63.9
1978 5 6.41 64.5
1978 6 6.73 65
1978 7 7.01 65.5
1978 8 7.08 65.9
1978 9 7.85 66.5
1978 10 7.99 67.1
1978 11 8.64 67.5
1978 12 9.08 67.9
1979 1 9.35 68.5
1979 2 9.32 69.2
1979 3 9.48 69.9
1979 4 9.46 70.6
1979 5 9.61 71.4
1979 6 9.06 72.2
1979 7 9.24 73
1979 8 9.52 73.7
1979 9 10.26 74.4
1979 10 11.7 75.2
1979 11 11.79 76
1979 12 12.04 76.9
1980 1 12 78
1980 2 12.86 79
1980 3 15.2 80.1
1980 4 13.2 80.9
1980 5 8.58 81.7
1980 6 7.07 82.5
1980 7 8.06 82.6
1980 8 9.13 83.2
1980 9 10.27 83.9
1980 10 11.62 84.7
1980 11 13.73 85.6
1980 12 15.49 86.4
1981 1 15.02 87.2
1981 2 14.79 88
1981 3 13.36 88.6
1981 4 13.69 89.1
1981 5 16.3 89.7
1981 6 14.73 90.5
1981 7 14.95 91.5
1981 8 15.51 92.2
1981 9 14.7 93.1
1981 10 13.54 93.4
1981 11 10.86 93.8
1981 12 10.85 94.1
1982 1 12.28 94.4
1982 2 13.48 94.7
1982 3 12.68 94.7
1982 4 12.7 95
1982 5 12.09 95.9
1982 6 12.47 97
1982 7 11.35 97.5
1982 8 8.68 97.7
1982 9 7.92 97.7
1982 10 7.71 98.1
1982 11 8.07 98
1982 12 7.94 97.7
1983 1 7.86 97.9
1983 2 8.11 98
1983 3 8.35 98.1
1983 4 8.21 98.8
1983 5 8.19 99.2
1983 6 8.79 99.4
1983 7 9.08 99.8
1983 8 9.34 100.1
1983 9 9 100.4
1983 10 8.64 100.8
1983 11 8.76 101.1
1983 12 9 101.4
1984 1 8.9 102.1
1984 2 9.09 102.6
1984 3 9.52 102.9
1984 4 9.69 103.3
1984 5 9.83 103.5
1984 6 9.87 103.7
1984 7 10.12 104.1
1984 8 10.47 104.4
1984 9 10.37 104.7
1984 10 9.74 105.1
1984 11 8.61 105.3
1984 12 8.06 105.5
1985 1 7.76 105.7
1985 2 8.27 106.3
1985 3 8.52 106.8
1985 4 7.95 107
1985 5 7.48 107.2
1985 6 6.95 107.5
1985 7 7.08 107.7
1985 8 7.14 107.9
1985 9 7.1 108.1
1985 10 7.16 108.5
1985 11 7.24 109
1985 12 7.1 109.5
1986 1 7.07 109.9
1986 2 7.06 109.7
1986 3 6.56 109.1
1986 4 6.06 108.7
1986 5 6.15 109
1986 6 6.21 109.4
1986 7 5.83 109.5
1986 8 5.53 109.6
1986 9 5.21 110
1986 10 5.18 110.2
1986 11 5.35 110.4
1986 12 5.53 110.8
1987 1 5.43 111.4
1987 2 5.59 111.8
1987 3 5.59 112.2
1987 4 5.64 112.7
1987 5 5.66 113
1987 6 5.67 113.5
1987 7 5.69 113.8
1987 8 6.04 114.3
1987 9 6.4 114.7
1987 10 6.13 115
1987 11 5.69 115.4
1987 12 5.77 115.6
1988 1 5.81 116
1988 2 5.66 116.2
1988 3 5.7 116.5
1988 4 5.91 117.2
1988 5 6.26 117.5
1988 6 6.46 118
1988 7 6.73 118.5
1988 8 7.06 119
1988 9 7.24 119.5
1988 10 7.35 119.9
1988 11 7.76 120.3
1988 12 8.07 120.7
1989 1 8.27 121.2
1989 2 8.53 121.6
1989 3 8.82 122.2
1989 4 8.65 123.1
1989 5 8.43 123.7
1989 6 8.15 124.1
1989 7 7.88 124.5
1989 8 7.9 124.5
1989 9 7.75 124.8
1989 10 7.64 125.4
1989 11 7.69 125.9
1989 12 7.63 126.3
1990 1 7.64 127.5
1990 2 7.74 128
1990 3 7.9 128.6
1990 4 7.77 128.9
1990 5 7.74 129.1
1990 6 7.73 129.9
1990 7 7.62 130.5
1990 8 7.45 131.6
1990 9 7.36 132.5
1990 10 7.17 133.4
1990 11 7.06 133.7
1990 12 6.74 134.2
1991 1 6.22 134.7
1991 2 5.94 134.8
1991 3 5.91 134.8
1991 4 5.65 135.1
1991 5 5.46 135.6
1991 6 5.57 136
1991 7 5.58 136.2
1991 8 5.33 136.6
1991 9 5.22 137
1991 10 4.99 137.2
1991 11 4.56 137.8
1991 12 4.07 138.2
1992 1 3.8 138.3
1992 2 3.84 138.6
1992 3 4.04 139.1
1992 4 3.75 139.4
1992 5 3.63 139.7
1992 6 3.66 140.1
1992 7 3.21 140.5
1992 8 3.13 140.8
1992 9 2.91 141.1
1992 10 2.86 141.7
1992 11 3.13 142.1
1992 12 3.22 142.3
1993 1 3 142.8
1993 2 2.93 143.1
1993 3 2.95 143.3
1993 4 2.87 143.8
1993 5 2.96 144.2
1993 6 3.07 144.3
1993 7 3.04 144.5
1993 8 3.02 144.8
1993 9 2.95 145
1993 10 3.02 145.6
1993 11 3.1 146
1993 12 3.06 146.3
1994 1 2.98 146.3
1994 2 3.25 146.7
1994 3 3.5 147.1
1994 4 3.68 147.2
1994 5 4.14 147.5
1994 6 4.14 147.9
1994 7 4.33 148.4
1994 8 4.48 149
1994 9 4.62 149.3
1994 10 4.95 149.4
1994 11 5.29 149.8
1994 12 5.6 150.1
1995 1 5.71 150.5
1995 2 5.77 150.9
1995 3 5.73 151.2
1995 4 5.65 151.8
1995 5 5.67 152.1
1995 6 5.47 152.4
1995 7 5.42 152.6
1995 8 5.4 152.9
1995 9 5.28 153.1
1995 10 5.28 153.5
1995 11 5.36 153.7
1995 12 5.14 153.9
1996 1 5 154.7
1996 2 4.83 155
1996 3 4.96 155.5
1996 4 4.95 156.1
1996 5 5.02 156.4
1996 6 5.09 156.7
1996 7 5.15 157
1996 8 5.05 157.2
1996 9 5.09 157.7
1996 10 4.99 158.2
1996 11 5.03 158.7
1996 12 4.91 159.1
1997 1 5.03 159.4
1997 2 5.01 159.7
1997 3 5.14 159.8
1997 4 5.16 159.9
1997 5 5.05 159.9
1997 6 4.93 160.2
1997 7 5.05 160.4
1997 8 5.14 160.8
1997 9 4.95 161.2
1997 10 4.97 161.5
1997 11 5.14 161.7
1997 12 5.16 161.8
1998 1 5.04 162
1998 2 5.09 162
1998 3 5.03 162
1998 4 4.95 162.2
1998 5 5 162.6
1998 6 4.98 162.8
1998 7 4.96 163.2
1998 8 4.9 163.4
1998 9 4.61 163.5
1998 10 3.96 163.9
1998 11 4.41 164.1
1998 12 4.39 164.4
1999 1 4.34 164.7
1999 2 4.44 164.7
1999 3 4.44 164.8
1999 4 4.29 165.9
1999 5 4.5 166
1999 6 4.57 166
1999 7 4.55 166.7
1999 8 4.72 167.1
1999 9 4.68 167.8
1999 10 4.86 168.1
1999 11 5.07 168.4
1999 12 5.2 168.8
2000 1 5.32 169.3
2000 2 5.55 170
2000 3 5.69 171
2000 4 5.66 170.9
2000 5 5.79 171.2
2000 6 5.69 172.2
2000 7 5.96 172.7
2000 8 6.09 172.7
2000 9 6 173.6
2000 10 6.11 173.9
2000 11 6.17 174.2
2000 12 5.77 174.6
2001 1 5.15 175.6
2001 2 4.88 176
2001 3 4.42 176.1
2001 4 3.87 176.4
2001 5 3.62 177.3
2001 6 3.49 177.7
2001 7 3.51 177.4
2001 8 3.36 177.4
2001 9 2.64 178.1
2001 10 2.16 177.6
2001 11 1.87 177.5
2001 12 1.69 177.4
2002 1 1.65 177.7
2002 2 1.73 178
2002 3 1.79 178.5
2002 4 1.72 179.3
2002 5 1.73 179.5
2002 6 1.7 179.6
2002 7 1.68 180
2002 8 1.62 180.5
2002 9 1.63 180.8
2002 10 1.58 181.2
2002 11 1.23 181.5
2002 12 1.19 181.8
2003 1 1.17 182.6
2003 2 1.17 183.6
2003 3 1.13 183.9
2003 4 1.13 183.2
2003 5 1.07 182.9
2003 6 0.92 183.1
2003 7 0.9 183.7
2003 8 0.95 184.5
2003 9 0.94 185.1
2003 10 0.92 184.9
2003 11 0.93 185
2003 12 0.9 185.5
2004 1 0.88 186.3
2004 2 0.93 186.7
2004 3 0.94 187.1
2004 4 0.94 187.4
2004 5 1.02 188.2
2004 6 1.27 188.9
2004 7 1.33 189.1
2004 8 1.48 189.2
2004 9 1.65 189.8
2004 10 1.76 190.8
2004 11 2.07 191.7
2004 12 2.19 191.7
2005 1 2.33 191.6
2005 2 2.54 192.4
2005 3 2.74 193.1
2005 4 2.78 193.7
2005 5 2.84 193.6
2005 6 2.97 193.7
2005 7 3.22 194.9
2005 8 3.44 196.1
2005 9 3.42 198.8
2005 10 3.71 199.1
2005 11 3.88 198.1
2005 12 3.89 198.1
2006 1 4.24 199.3
2006 2 4.43 199.4
2006 3 4.51 199.7
2006 4 4.6 200.7
2006 5 4.72 201.3
2006 6 4.79 201.8
2006 7 4.95 202.9
2006 8 4.96 203.8
2006 9 4.81 202.8
2006 10 4.92 201.9
2006 11 4.94 202
2006 12 4.85 203.1
2007 1 4.98 203.437
2007 2 5.03 204.226
2007 3 4.94 205.288
2007 4 4.87 205.904
2007 5 4.73 206.755
2007 6 4.61 207.234
2007 7 4.82 207.603
2007 8 4.2 207.667
2007 9 3.89 208.547
2007 10 3.9 209.19
2007 11 3.27 210.834
2007 12 3 211.445
2008 1 2.75 212.199
2008 2 2.12 212.623
2008 3 1.26 213.441
2008 4 1.29 213.971
2008 5 1.73 215.206
2008 6 1.86 217.47
2008 7 1.63 219.09
2008 8 1.72 218.749
2008 9 1.13 218.872
2008 10 0.67 216.966
2008 11 0.19 213.074
2008 12 0.03 211.401
2009 1 0.13 211.962
2009 2 0.3 212.823
2009 3 0.21 212.561
2009 4 0.16 212.705
2009 5 0.18 212.977
2009 6 0.18 214.744
2009 7 0.18 214.726
2009 8 0.17 215.479
2009 9 0.12 215.883
2009 10 0.07 216.476
2009 11 0.05 217.113
2009 12 0.05 217.33
2010 1 0.06 217.469
2010 2 0.11 217.397
2010 3 0.15 217.44
2010 4 0.16 217.373
2010 5 0.16 217.182
2010 6 0.12 217.206
2010 7 0.16 217.649
2010 8 0.16 218.062
2010 9 0.15 218.364
2010 10 0.13 219.02
2010 11 0.14 219.441
2010 12 0.14 220.414
2011 1 0.15 221.036
2011 2 0.13 222.008
2011 3 0.1 223.193
2011 4 0.06 224.03
2011 5 0.04 224.634
2011 6 0.04 224.837
2011 7 0.04 225.515
2011 8 0.02 226.266
2011 9 0.01 226.87
2011 10 0.02 226.804
2011 11 0.01 227.014
2011 12 0.01 227.033
2012 1 0.03 227.505
2012 2 0.09 228.433
2012 3 0.08 229.098
2012 4 0.08 229.177
2012 5 0.09 228.527
2012 6 0.09 228.618
2012 7 0.1 228.723
2012 8 0.1 230.102
2012 9 0.11 231.414
2012 10 0.1 231.751
2012 11 0.09 231.025
2012 12 0.07 230.979
