year mon ipdcongd ipncongd ipbuseq ipmat
1947 1 11.1764 21.55 5.8735 13.5172
1947 2 11.5193 21.2241 5.9369 13.6239
1947 3 11.7707 21.1833 5.9685 14.0771
1947 4 11.8621 21.0204 6.0531 13.7305
1947 5 11.7478 20.8575 6.0847 13.7838
1947 6 11.8392 20.8575 6.127 13.6505
1947 7 11.6107 21.0611 6.0214 13.5172
1947 8 11.4964 21.3056 6.127 13.4906
1947 9 11.8849 21.4278 6.2115 13.6772
1947 10 12.0449 21.7129 6.2538 13.7838
1947 11 12.4106 21.9574 6.2538 14.1038
1947 12 12.5706 21.9166 6.3066 13.9438
1948 1 12.4335 21.8351 6.3594 13.9971
1948 2 12.2735 22.0388 6.3277 14.0771
1948 3 12.3649 21.7129 6.37 13.9438
1948 4 12.2506 21.9981 6.3277 13.8372
1948 5 12.0221 21.9981 6.3066 14.557
1948 6 12.5249 22.161 6.3911 14.5837
1948 7 12.8449 21.9166 6.4228 14.6903
1948 8 12.6392 21.7537 6.4122 14.5037
1948 9 12.2735 21.7944 6.3805 14.5303
1948 10 12.662 21.9166 6.296 14.557
1948 11 12.1821 21.9573 6.2538 14.4237
1948 12 11.725 21.7944 6.201 14.3437
1949 1 11.3593 21.6722 6.0531 14.0771
1949 2 11.1993 21.7537 6.0319 13.9971
1949 3 11.1764 21.9573 5.8946 13.4373
1949 4 11.1993 21.8759 5.7995 13.2506
1949 5 11.1307 21.9573 5.6728 12.8774
1949 6 11.405 21.9981 5.5777 12.6907
1949 7 11.7707 22.0796 5.472 12.6374
1949 8 11.9535 22.324 5.4192 12.8507
1949 9 12.3878 22.4055 5.3875 13.064
1949 10 12.5706 22.487 5.1657 11.7309
1949 11 11.8849 22.4055 5.0072 12.824
1949 12 11.7478 22.2425 5.0178 13.4372
1950 1 13.1191 22.6499 5.1129 13.5439
1950 2 13.0963 22.6499 5.2713 13.3039
1950 3 13.6448 22.9758 5.3242 14.2104
1950 4 14.6276 23.3424 5.4826 14.797
1950 5 15.3818 23.5054 5.715 15.2235
1950 6 16.6618 23.7091 5.9369 15.8101
1950 7 17.3474 24.1979 6.1376 16.2367
1950 8 17.8731 25.0941 6.4756 16.7166
1950 9 17.0732 24.7275 6.3172 16.9032
1950 10 16.7075 24.5646 6.4439 17.1165
1950 11 16.3647 24.6053 6.4967 16.9299
1950 12 16.2047 25.3385 6.6024 17.1965
1951 1 15.9075 25.6644 6.6869 17.0098
1951 2 15.9761 25.6237 6.782 17.1165
1951 3 15.8618 25.1349 6.877 17.4631
1951 4 15.1305 25.0126 7.0461 17.5964
1951 5 14.3533 24.7682 7.1094 17.7297
1951 6 13.6905 24.7275 7.194 17.8097
1951 7 12.2278 24.5238 7.2573 17.4897
1951 8 11.4278 24.2794 7.3524 17.1965
1951 9 11.9078 24.2794 7.5109 17.3031
1951 10 11.8164 24.2386 7.6376 17.0632
1951 11 12.0449 24.5646 7.775 17.1165
1951 12 12.1821 24.7275 7.87 17.1431
1952 1 12.1364 24.9719 8.0707 17.5431
1952 2 12.1135 25.2571 8.1658 17.3831
1952 3 12.3649 25.2978 8.2398 17.3831
1952 4 12.2506 25.3386 8.2081 17.0632
1952 5 12.6163 25.0534 8.2503 16.8232
1952 6 12.7535 25.9496 8.3031 15.8634
1952 7 11.5193 26.0311 7.9017 15.5168
1952 8 12.662 26.1126 8.039 17.4897
1952 9 13.9648 26.1126 8.2292 18.6362
1952 10 14.4219 26.3163 8.3137 18.5295
1952 11 15.359 26.6014 8.4193 19.0894
1952 12 15.4047 26.5607 8.5039 19.1427
1953 1 15.999 26.5199 8.5672 19.0361
1953 2 16.159 26.6829 8.5989 19.4893
1953 3 16.3189 26.5607 8.6623 19.7293
1953 4 16.159 26.6829 8.6729 19.8893
1953 5 16.2504 26.7643 8.6201 20.2892
1953 6 15.6333 26.6829 8.5672 20.3158
1953 7 15.5418 26.6014 8.694 20.5558
1953 8 15.4047 26.5199 8.6623 20.0225
1953 9 14.7876 26.357 8.5672 19.516
1953 10 14.6505 26.4792 8.5672 18.9028
1953 11 14.1248 26.2755 8.2715 18.4229
1953 12 13.622 25.9903 8.1341 17.9963
1954 1 13.4163 26.3162 7.8912 17.783
1954 2 13.7363 26.4792 7.7961 17.7564
1954 3 13.7363 26.5199 7.6799 17.5697
1954 4 13.8962 26.357 7.5425 17.5431
1954 5 14.1705 26.3977 7.532 17.783
1954 6 14.2619 26.5199 7.4369 17.9963
1954 7 14.1019 26.7643 7.4158 18.0763
1954 8 14.2162 26.7643 7.3735 17.9696
1954 9 14.3076 27.0495 7.289 17.8363
1954 10 14.5133 27.131 7.2679 18.2096
1954 11 14.9248 27.5791 7.4052 18.5562
1954 12 15.4961 27.8235 7.4264 18.8761
1955 1 16.5932 27.9457 7.4792 19.5426
1955 2 16.7761 27.9457 7.5954 20.0226
1955 3 17.2332 28.3938 7.6693 20.5558
1955 4 17.5074 28.5568 7.9334 20.9557
1955 5 17.9645 28.8012 8.0496 21.3556
1955 6 17.5989 28.7197 8.1447 21.4089
1955 7 17.8503 28.679 8.1658 21.6755
1955 8 17.8274 28.7197 8.2186 21.6489
1955 9 17.896 28.9642 8.2715 21.8888
1955 10 18.0103 29.6974 8.6518 22.1288
1955 11 17.8274 29.9418 8.694 22.0222
1955 12 17.7588 30.1863 8.8419 22.1821
1956 1 17.576 30.3492 8.9053 22.2888
1956 2 17.256 30.4307 9.032 21.8622
1956 3 17.3017 30.4307 9.1377 21.7822
1956 4 17.5531 30.4307 9.4018 21.9422
1956 5 17.1417 30.5122 9.3701 21.5422
1956 6 16.7303 30.5937 9.4018 21.249
1956 7 16.7532 30.7159 9.4018 19.5426
1956 8 16.7532 30.9196 9.518 21.3289
1956 9 16.5018 30.9603 9.5602 22.4754
1956 10 16.7075 31.164 9.6342 22.822
1956 11 16.4789 31.0825 9.7926 22.3154
1956 12 17.1646 31.001 9.9088 22.7153
1957 1 17.2103 31.164 10.0462 22.2888
1957 2 17.5074 31.4899 10.268 22.4221
1957 3 17.416 31.6936 10.2152 22.3421
1957 4 16.936 31.5713 10.0145 22.0488
1957 5 16.8446 31.6528 9.8349 21.9422
1957 6 17.1189 31.7343 9.8772 22.0488
1957 7 16.9589 32.0194 9.9194 22.1821
1957 8 17.416 31.938 9.8983 22.2354
1957 9 17.3703 31.9787 9.7715 21.9422
1957 10 16.7304 31.7343 9.5074 21.5956
1957 11 16.6846 31.5713 9.2645 20.8224
1957 12 15.9533 31.8565 8.9792 20.1292
1958 1 15.3133 31.775 8.7996 19.5426
1958 2 14.7648 31.8158 8.4827 18.9028
1958 3 14.2848 31.8158 8.3031 18.4229
1958 4 13.7134 31.775 8.1341 17.9697
1958 5 14.2162 32.0602 7.9334 18.1829
1958 6 14.6276 32.5898 7.9334 18.9561
1958 7 14.8333 32.9971 7.9862 19.436
1958 8 15.1076 33.0379 8.1236 20.0492
1958 9 14.0791 33.2008 8.1975 20.5291
1958 10 14.7648 33.2416 8.3031 20.8757
1958 11 17.3017 33.6082 8.451 21.4623
1958 12 17.3703 33.6489 8.5144 21.5156
1959 1 17.416 34.097 8.6834 21.8888
1959 2 17.5074 34.4229 8.7996 22.582
1959 3 17.8503 34.26 8.8947 23.1686
1959 4 17.9645 34.8303 9.1271 23.8085
1959 5 18.3302 34.8303 9.4229 24.4216
1959 6 18.4674 34.5859 9.6448 24.2617
1959 7 18.8331 34.8711 9.6659 22.822
1959 8 18.3074 35.2784 9.5814 21.089
1959 9 17.7589 35.4821 9.5074 21.0623
1959 10 18.1703 35.034 9.4335 20.849
1959 11 15.9304 35.5229 9.2856 21.6755
1959 12 17.9646 35.6451 9.4229 23.9951
1960 1 19.9301 35.808 9.7715 24.6883
1960 2 19.6559 35.4414 9.8349 24.3683
1960 3 19.2673 35.7673 9.856 23.9684
1960 4 19.2445 36.1339 9.7504 23.4085
1960 5 19.4273 36.2561 9.7821 23.1952
1960 6 19.2216 36.0524 9.6553 22.822
1960 7 18.4902 36.1339 9.5391 22.8486
1960 8 18.6959 36.1339 9.4123 22.742
1960 9 18.4674 36.0117 9.3278 22.3687
1960 10 18.6731 36.3783 9.2539 22.2888
1960 11 18.056 36.0117 9.2328 21.7022
1960 12 17.4389 35.971 9.0215 21.1156
1961 1 16.7989 36.0932 9.0849 21.3023
1961 2 16.7075 36.3376 9.0004 21.1423
1961 3 16.7075 36.3376 8.9898 21.3289
1961 4 17.9188 36.6635 9.0849 21.9688
1961 5 18.4902 36.9079 9.0954 22.6354
1961 6 19.1073 37.0709 9.1694 22.9819
1961 7 19.4502 37.2338 9.2222 23.3019
1961 8 19.4959 37.5597 9.2645 23.7551
1961 9 18.3988 37.356 9.4018 23.8084
1961 10 19.4273 38.0079 9.3912 24.235
1961 11 20.2958 38.3745 9.6448 24.555
1961 12 20.6615 38.3745 9.6764 24.9015
1962 1 20.2044 38.2115 9.6448 24.7149
1962 2 20.3187 38.4559 9.7821 25.1149
1962 3 20.6158 38.7004 9.9089 25.1415
1962 4 21.0958 38.7411 9.9722 25.1148
1962 5 21.2786 38.9855 9.9722 24.7683
1962 6 20.8901 38.8633 10.0673 24.6883
1962 7 21.3472 39.3522 10.1518 24.9015
1962 8 21.0501 38.9855 10.2575 24.9549
1962 9 21.3243 39.2299 10.2469 25.1682
1962 10 21.4158 39.067 10.2891 25.1682
1962 11 21.4386 39.2299 10.2891 25.3815
1962 12 21.5986 39.4336 10.2258 25.2481
1963 1 21.8272 39.9632 10.1835 25.3548
1963 2 22.0557 40.4113 10.3314 25.7281
1963 3 22.1014 40.615 10.268 26.1013
1963 4 22.2843 40.7372 10.3631 26.3413
1963 5 22.65 40.615 10.3314 26.9545
1963 6 23.0385 40.6558 10.3737 27.0611
1963 7 23.0156 40.4928 10.5215 26.7945
1963 8 23.0614 40.9409 10.7751 26.5545
1963 9 23.4728 40.8187 10.7434 27.0878
1963 10 23.4956 41.1446 10.9335 27.2477
1963 11 23.7242 41.1038 11.018 27.4077
1963 12 23.7928 41.4705 10.9969 27.2477
1964 1 23.8384 41.8779 11.2821 27.461
1964 2 23.9756 41.7149 11.2293 27.8876
1964 3 23.7928 41.5927 11.3667 27.8876
1964 4 24.4327 42.5704 11.6308 28.2076
1964 5 24.5699 42.9778 11.7575 28.4475
1964 6 24.8213 42.6926 11.7998 28.6341
1964 7 25.2326 43.2629 11.9582 28.6874
1964 8 25.4155 42.9778 11.9477 29.274
1964 9 24.8213 42.7334 12.0533 29.7272
1964 10 22.2386 43.3037 11.9582 29.1673
1964 11 25.2784 43.4259 12.3596 30.0738
1964 12 26.764 43.6703 12.5815 30.4471
1965 1 27.2211 44.2814 12.5604 30.7937
1965 2 27.5868 44.1999 12.7716 30.9003
1965 3 28.341 44.2406 12.9407 31.3802
1965 4 28.2953 44.1184 13.0569 31.7002
1965 5 28.501 44.3628 13.247 31.8335
1965 6 28.7524 44.4036 13.4372 32.2067
1965 7 28.9581 44.2813 13.6696 32.5
1965 8 28.661 44.4036 13.6696 32.8199
1965 9 29.1867 44.9739 13.9337 32.5533
1965 10 29.4609 45.0961 14.1344 32.8999
1965 11 29.6667 45.3813 14.3985 32.7666
1965 12 30.2838 45.3405 14.7048 33.1399
1966 1 30.3752 45.5849 15.0006 33.5931
1966 2 30.3294 45.8294 14.9583 33.9664
1966 3 30.558 46.1553 15.2541 34.5795
1966 4 31.1294 46.0738 15.3703 34.4996
1966 5 30.6266 46.359 15.571 34.8995
1966 6 30.6266 46.6034 15.7189 35.1128
1966 7 30.0552 46.8885 15.9725 35.1928
1966 8 29.5752 46.97 16.0359 35.486
1966 9 29.7581 47.0922 16.2154 35.8326
1966 10 31.2894 47.4589 16.1626 35.9926
1966 11 30.3523 47.744 15.9302 35.4594
1966 12 30.0324 47.7847 16.152 35.4594
1967 1 29.2827 48.8923 16.0384 35.3105
1967 2 28.469 48.5049 16.0581 34.639
1967 3 28.7316 48.5362 16.0313 33.9983
1967 4 28.9534 49.5356 16.0191 34.3221
1967 5 28.5495 48.467 16.0791 33.9461
1967 6 28.2405 48.8711 15.9921 33.876
1967 7 28.619 48.5191 15.6705 33.8633
1967 8 28.9434 48.9644 15.9597 34.8703
1967 9 28.8536 49.1672 15.8779 34.6432
1967 10 29.3862 49.7373 15.7462 35.0807
1967 11 31.028 50.1237 16.1601 35.471
1967 12 32.2697 50.4617 16.321 35.9379
1968 1 31.3195 50.145 16.3922 36.0958
1968 2 31.8178 50.2031 16.4072 36.0981
1968 3 31.7499 50.6838 16.5493 36.2361
1968 4 31.7798 50.552 16.4673 36.5128
1968 5 32.1826 50.6752 16.7149 37.0685
1968 6 32.4957 50.9153 16.6771 37.2182
1968 7 32.2166 50.9279 16.5158 37.2553
1968 8 32.6337 51.5088 16.6634 36.9763
1968 9 32.9698 51.5665 16.8424 37.1278
1968 10 33.4062 51.7299 16.9872 37.1712
1968 11 34.1824 52.1644 16.9994 37.7651
1968 12 34.484 51.5327 17.1785 37.9623
1969 1 34.3981 51.9748 17.4184 38.1489
1969 2 34.3745 52.597 17.4114 38.5595
1969 3 34.5682 52.9884 17.5842 38.7406
1969 4 33.6582 52.4657 17.7651 38.8529
1969 5 33.2081 52.2001 17.6462 38.761
1969 6 34.3255 52.3051 17.8238 39.2803
1969 7 34.3311 53.6131 18.0045 39.2987
1969 8 34.6911 53.2336 17.9336 39.7008
1969 9 34.3506 52.8814 18.1112 39.8046
1969 10 34.5362 52.7894 18.1631 39.7968
1969 11 33.1171 53.0797 17.7469 39.5874
1969 12 32.9227 53.312 17.681 39.3552
1970 1 31.1944 53.2038 17.4346 38.4508
1970 2 31.6493 53.6268 17.5085 38.2347
1970 3 31.9499 53.3326 17.5439 38.1449
1970 4 31.9352 53.6421 17.5358 37.8811
1970 5 31.9668 54.0255 17.518 37.7556
1970 6 32.5869 53.7976 17.4117 37.5856
1970 7 32.645 53.9404 17.3664 37.7745
1970 8 31.6508 53.3184 17.3187 38.2315
1970 9 30.808 53.6021 16.9491 37.9678
1970 10 28.9639 53.9264 16.3945 36.9656
1970 11 29.0583 53.3775 16.3034 36.7444
1970 12 32.4399 54.2568 16.5115 37.5759
1971 1 33.7302 54.5325 16.1504 38.1004
1971 2 34.494 53.981 16.2403 37.8747
1971 3 34.534 54.1766 16.0774 37.947
1971 4 34.7574 54.6623 15.9815 38.1979
1971 5 35.2974 54.3714 15.8719 38.6477
1971 6 35.5769 54.7656 15.951 38.8214
1971 7 36.2431 55.5378 15.977 37.8846
1971 8 35.8877 54.8642 16.2205 37.6616
1971 9 35.8276 55.6329 16.5934 38.3823
1971 10 36.477 56.2768 16.7558 38.4971
1971 11 36.8406 56.6769 16.8323 38.562
1971 12 37.0038 57.1167 16.9267 39.3553
1972 1 38.1102 57.6036 17.4763 40.5849
1972 2 38.2637 57.9406 17.7389 40.998
1972 3 38.0065 58.1736 17.9792 41.4235
1972 4 39.1152 58.3865 18.2901 41.8183
1972 5 38.7659 58.2363 18.2438 41.9088
1972 6 38.7885 58.2527 18.322 41.98
1972 7 39.6473 58.3352 18.3357 41.6768
1972 8 39.9756 59.0336 18.6913 42.2988
1972 9 40.387 59.1667 18.8353 42.7227
1972 10 41.3221 59.9048 19.2276 43.1553
1972 11 42.275 59.8134 19.6196 43.7716
1972 12 43.1323 59.9547 19.8694 44.4783
1973 1 42.9747 59.8523 20.2053 44.8684
1973 2 43.7745 60.4647 20.6305 45.5663
1973 3 43.8269 60.6409 20.789 45.4178
1973 4 43.1419 60.211 20.9323 45.4881
1973 5 43.0278 60.8377 21.1639 45.7765
1973 6 42.9258 60.2754 21.3305 45.8584
1973 7 42.9012 60.1471 21.598 46.065
1973 8 41.5944 60.1766 21.6665 46.096
1973 9 42.9991 60.696 22.0602 46.3246
1973 10 42.6628 61.2115 22.3304 46.6675
1973 11 42.6415 61.4847 22.5038 46.9748
1973 12 41.7765 60.4419 22.5853 47.1891
1974 1 39.6576 60.6883 22.5599 46.8254
1974 2 39.544 60.4857 22.4633 46.7385
1974 3 39.553 60.5988 22.6721 46.5663
1974 4 39.3021 60.5063 22.4485 46.5152
1974 5 39.4149 61.2091 22.7782 46.7778
1974 6 39.9591 61.2538 22.8452 46.5907
1974 7 39.8438 61.1338 22.8352 46.7861
1974 8 39.8099 61.0808 22.8288 45.9632
1974 9 39.711 60.4481 23.258 46.0912
1974 10 39.2143 60.837 23.2785 45.8206
1974 11 37.3426 59.5704 22.9396 43.8477
1974 12 34.273 58.9798 21.9499 42.1302
1975 1 32.8557 58.0353 21.5291 41.7974
1975 2 31.8845 57.5618 20.8113 40.7725
1975 3 32.3038 57.5441 20.4665 40.2093
1975 4 33.5207 58.3831 20.2604 39.9316
1975 5 34.4024 58.1893 20.0203 39.6959
1975 6 34.7668 59.1645 19.8309 40.0053
1975 7 36.5396 60.0913 19.9947 40.1693
1975 8 37.0022 60.1962 19.8223 40.8095
1975 9 37.7523 60.897 20.1124 41.3172
1975 10 37.5834 61.1171 20.1515 41.5447
1975 11 37.6221 61.4501 20.145 41.7242
1975 12 38.2914 61.7086 20.4711 42.3447
1976 1 38.978 62.4553 20.7341 43.0162
1976 2 39.4192 62.4255 20.8657 43.6395
1976 3 39.361 62.241 20.9551 43.7913
1976 4 39.3587 62.5067 21.1871 44.0985
1976 5 39.4306 63.2057 21.3519 44.1857
1976 6 39.2446 62.972 21.4058 44.3218
1976 7 39.4302 63.4129 21.5902 44.437
1976 8 40.0318 63.1918 21.9443 44.8891
1976 9 39.7573 63.4231 21.8886 44.9773
1976 10 40.2598 63.7976 21.9936 44.7432
1976 11 41.5377 64.5399 22.7216 45.3204
1976 12 42.5251 64.806 23.0642 45.8026
1977 1 42.3945 64.6553 23.1108 45.4129
1977 2 42.9134 65.4722 23.6015 46.068
1977 3 44.0668 64.7585 23.9715 46.9742
1977 4 44.4199 65.1502 24.3668 47.3595
1977 5 44.6592 65.0892 24.8804 47.7444
1977 6 45.4947 65.2347 25.4309 47.9332
1977 7 45.5281 65.4343 25.5808 47.9305
1977 8 45.5583 65.5408 25.6417 47.8291
1977 9 45.7671 65.5453 25.7875 48.1905
1977 10 45.7596 66.4482 25.7084 48.4265
1977 11 45.7183 66.4321 25.6808 48.469
1977 12 45.9673 67.0776 26.0573 47.9914
1978 1 43.5713 66.2416 25.5394 47.5568
1978 2 44.6636 67.1244 26.1588 47.444
1978 3 46.0266 68.085 26.9395 48.1603
1978 4 46.8908 68.1515 27.4766 49.6338
1978 5 46.1767 67.9637 27.5606 50.0985
1978 6 46.4348 68.407 28.0292 50.3143
1978 7 46.4837 67.8414 28.2826 50.3211
1978 8 46.2554 67.8699 28.8233 50.4563
1978 9 45.9729 68.1844 29.1275 50.5465
1978 10 46.1338 68.0523 29.7168 51.0775
1978 11 46.2739 68.2183 30.2249 51.4759
1978 12 46.4212 68.3699 30.5813 51.7086
1979 1 46.737 67.8751 30.8766 51.0236
1979 2 46.2139 67.6654 31.2455 51.4614
1979 3 46.13 68.0972 31.4589 51.5401
1979 4 43.8462 67.8022 30.8588 51.24
1979 5 45.1256 67.5822 31.6381 51.4978
1979 6 44.5879 67.5016 31.8373 51.5459
1979 7 44.0348 67.0762 32.1348 51.3782
1979 8 42.1432 67.2682 31.7082 51.0822
1979 9 43.6267 66.9133 32.625 50.777
1979 10 43.3848 67.2783 32.1983 51.2791
1979 11 42.7169 67.5013 32.1749 51.17
1979 12 42.461 67.6789 32.3947 51.0931
1980 1 41.6662 67.7192 32.9223 51.4717
1980 2 41.4439 68.275 33.1048 51.3461
1980 3 40.7248 68.1298 32.9052 51.3025
1980 4 38.9767 67.7261 32.5378 50.0796
1980 5 36.5091 67.2746 32.0002 48.6028
1980 6 35.9122 67.2768 31.6284 47.7686
1980 7 35.8566 67.3972 31.6579 47.0303
1980 8 36.1701 67.538 31.6364 47.1437
1980 9 37.8458 67.2551 32.1866 48.0773
1980 10 38.4872 67.4953 32.8254 48.761
1980 11 39.4576 67.3417 33.4043 49.8797
1980 12 38.9332 67.6409 33.4486 50.3749
1981 1 38.7979 67.806 33.5342 49.7746
1981 2 38.6406 67.6682 33.1744 49.6233
1981 3 39.1701 67.2804 33.4657 49.9498
1981 4 39.659 67.2374 33.8204 49.2572
1981 5 40.2783 67.7956 33.8395 49.525
1981 6 39.9452 67.3485 33.6538 50.2124
1981 7 40.1004 67.8687 33.6702 50.5449
1981 8 39.9074 68.0409 33.7341 50.5387
1981 9 38.9562 67.7738 33.672 50.1094
1981 10 38.7949 68.4698 33.606 49.4202
1981 11 38.1436 68.7976 33.1115 48.5662
1981 12 36.529 68.8751 32.6049 47.9126
1982 1 35.5072 68.018 31.3203 47.0977
1982 2 36.8322 69.4902 32.4033 47.6374
1982 3 36.6789 69.0103 31.9358 47.3386
1982 4 37.3815 68.5559 31.5446 46.7329
1982 5 37.4032 68.624 31.3882 46.193
1982 6 37.6633 68.9621 30.7721 46.0406
1982 7 37.8356 69.0565 30.7067 45.7021
1982 8 37.3759 69.2112 30.0212 45.254
1982 9 36.8273 69.5017 29.8112 44.9767
1982 10 36.3178 69.9303 29.2377 44.4701
1982 11 36.2925 69.7369 29.0777 44.2705
1982 12 36.2123 68.5186 29.3837 43.879
1983 1 37.8045 69.4715 29.4607 44.9012
1983 2 37.6999 68.3875 29.3086 44.7575
1983 3 38.2485 68.4501 29.6381 45.1542
1983 4 39.0684 69.7731 29.6607 45.6852
1983 5 39.8606 69.6814 30.0414 46.0517
1983 6 40.543 69.5065 30.2276 46.3638
1983 7 41.4936 70.2372 30.8305 47.1208
1983 8 42.2719 70.6426 31.068 47.7416
1983 9 43.0369 71.3936 31.9235 48.3991
1983 10 43.5989 70.4969 32.321 49.0889
1983 11 43.5821 70.5027 32.5443 49.3342
1983 12 44.5671 70.0086 32.9235 49.5217
1984 1 45.6054 71.3825 33.6739 50.5519
1984 2 45.7619 71.0677 33.9659 50.8676
1984 3 45.8702 71.3944 34.3165 51.0654
1984 4 45.7891 71.7238 34.5832 51.4323
1984 5 45.3717 71.6309 34.7846 51.7822
1984 6 45.4864 71.4129 35.2285 51.9005
1984 7 45.9897 71.1352 35.733 52.0991
1984 8 46.2636 70.427 36.1155 52.0146
1984 9 45.6438 70.5788 36.2776 51.7724
1984 10 45.2517 71.5793 36.4544 51.3123
1984 11 45.9565 71.5011 36.797 51.4903
1984 12 46.4781 71.6808 37.0543 51.3715
1985 1 45.8962 71.3422 36.8957 51.4098
1985 2 45.5149 72.3103 36.6473 51.6043
1985 3 45.9966 71.8898 37.0265 51.5026
1985 4 45.363 71.7093 36.6899 51.4885
1985 5 45.3713 71.7972 36.7703 51.4935
1985 6 45.3016 72.2608 36.8622 51.4058
1985 7 45.3082 71.772 36.5713 51.0393
1985 8 45.8408 71.9686 36.7219 51.1384
1985 9 45.8001 72.6231 36.59 51.4001
1985 10 45.5814 72.5929 36.5148 51.0858
1985 11 46.6553 72.4471 36.8522 51.1708
1985 12 46.7879 73.511 36.7817 51.8602
1986 1 47.9807 73.9198 36.8223 51.9431
1986 2 47.6476 73.1847 36.386 51.7297
1986 3 47.6705 72.8709 36.4214 51.1815
1986 4 47.5669 73.535 36.1526 51.0791
1986 5 47.7077 74.0249 36.0789 51.0672
1986 6 48.2907 73.8217 35.6813 50.7937
1986 7 48.8999 74.1557 35.9276 51.1712
1986 8 49.082 73.9163 35.9951 50.911
1986 9 49.5317 73.7675 35.9817 51.0598
1986 10 49.5254 74.2106 35.9446 51.361
1986 11 50.1874 74.5672 36.036 51.6108
1986 12 51.1109 74.9939 36.4176 52.0001
1987 1 50.8419 74.1016 36.4607 51.9208
1987 2 51.6839 74.9376 37.3375 52.532
1987 3 51.4079 75.3652 37.1933 52.6528
1987 4 51.0927 75.452 37.512 53.1368
1987 5 51.4008 76.0748 37.8471 53.4037
1987 6 50.8639 76.5559 38.22 53.7664
1987 7 50.6821 77.289 38.3282 54.169
1987 8 51.1977 77.7094 38.8072 54.5446
1987 9 51.6848 76.9085 39.4364 54.7618
1987 10 53.3682 77.8699 40.3303 55.5493
1987 11 53.3125 78.0002 40.6753 56.0512
1987 12 52.89 78.3962 41.0962 56.3262
1988 1 52.7267 79.0315 41.1805 56.1383
1988 2 52.7139 79.5456 41.4142 56.3294
1988 3 53.1627 79.2064 41.8169 56.5498
1988 4 54.3566 79.2338 42.2934 56.8814
1988 5 54.3772 78.8034 42.5274 56.925
1988 6 54.5927 78.6861 42.9146 57.1235
1988 7 53.3074 79.3337 42.6013 57.2885
1988 8 53.8724 79.8871 42.734 57.4983
1988 9 54.8857 78.5189 43.082 57.2403
1988 10 55.3622 79.165 43.4319 57.4358
1988 11 55.9893 78.9087 43.5383 57.5925
1988 12 56.6206 79.0906 43.6253 57.8848
1989 1 57.964 78.4051 44.0812 58.0165
1989 2 57.2557 78.8419 43.9149 57.5842
1989 3 56.4095 79.5676 43.7188 57.8215
1989 4 56.7765 79.1031 44.4047 57.7516
1989 5 55.5151 78.6609 43.7351 57.5572
1989 6 54.8782 79.1022 44.3805 57.3319
1989 7 53.0813 77.7066 43.8525 57.066
1989 8 55.0902 78.389 44.479 57.3494
1989 9 54.9985 77.9952 44.3868 57.172
1989 10 53.9901 78.8753 43.662 57.301
1989 11 54.4096 79.0622 43.938 57.428
1989 12 54.9572 80.6492 44.5636 57.2942
1990 1 52.106 79.8007 44.2516 57.1749
1990 2 55.2407 79.3524 45.0083 57.7351
1990 3 56.2308 79.6032 45.6593 57.8863
1990 4 55.0079 79.8581 45.5574 57.9412
1990 5 55.466 79.5299 46.0049 58.0654
1990 6 56.2195 80.2623 46.045 58.1611
1990 7 54.922 80.22 46.2863 58.1489
1990 8 54.6494 80.5156 46.4116 58.457
1990 9 54.9277 81.4275 46.455 58.3941
1990 10 53.0858 80.6697 46.1653 58.1119
1990 11 50.4292 80.9124 45.0738 57.3949
1990 12 49.5288 80.6186 44.7086 56.9371
1991 1 49.66 81.07 44.4836 56.5699
1991 2 48.4857 80.6718 44.2508 56.3106
1991 3 48.7646 80.651 44.2738 55.853
1991 4 49.8398 80.0324 44.1529 56.0884
1991 5 50.8026 81.4799 44.5062 56.5797
1991 6 52.1373 82.3437 45.1335 56.9621
1991 7 52.9177 81.2797 45.0521 57.3621
1991 8 52.1395 81.7232 45.0462 57.3894
1991 9 54.2267 82.2448 45.6942 57.7156
1991 10 53.925 81.9998 45.2232 57.8058
1991 11 53.971 82.0561 45.2288 57.575
1991 12 53.5413 80.9194 45.3518 57.5923
1992 1 51.2063 81.0161 44.4196 57.5156
1992 2 53.3206 80.9888 45.5054 57.7984
1992 3 54.4667 81.4691 45.8316 58.2867
1992 4 55.5352 81.9578 46.3361 58.6685
1992 5 57.2605 81.7852 46.7876 58.6994
1992 6 56.5322 81.4841 46.9116 58.976
1992 7 58.0063 82.1929 47.2592 59.3925
1992 8 57.6147 82.5045 47.0673 58.7687
1992 9 57.3028 82.0641 47.2481 59.1641
1992 10 58.4762 83.0236 47.5458 59.4704
1992 11 58.9093 83.0283 47.8237 59.8011
1992 12 59.5372 82.77 47.9873 59.6782
1993 1 60.444 82.8623 48.4251 59.9807
1993 2 60.1974 83.0975 48.2479 60.375
1993 3 60.5346 83.0213 48.4331 60.2276
1993 4 60.8187 83.0217 48.7577 60.4817
1993 5 60.9405 82.14 48.8337 60.2854
1993 6 60.4717 82.6534 48.4822 60.6262
1993 7 60.4218 83.6705 48.4779 60.5981
1993 8 59.8543 83.8706 48.1747 60.6992
1993 9 61.0029 83.6061 48.984 60.913
1993 10 62.4727 83.4115 49.871 61.4261
1993 11 62.9872 83.2576 50.1707 61.8163
1993 12 63.2651 83.3564 50.4935 62.2201
1994 1 64.2428 83.7845 50.8727 62.3052
1994 2 64.1414 84.0001 50.4045 62.5501
1994 3 64.7421 84.6545 50.9711 63.255
1994 4 65.4519 84.4531 51.2731 63.704
1994 5 65.6752 85.1243 51.3872 64.1772
1994 6 66.2963 85.8105 51.7261 64.6017
1994 7 66.541 85.1689 52.2843 64.8963
1994 8 67.6809 85.8779 52.3756 65.315
1994 9 67.8436 85.1375 52.6528 65.6445
1994 10 68.5849 86.0106 53.466 66.0713
1994 11 68.4755 86.0616 54.0163 66.7154
1994 12 69.2552 86.6224 54.576 67.6816
1995 1 69.8883 86.3211 55.0231 67.8669
1995 2 69.7435 86.8168 55.1839 67.7638
1995 3 69.6574 86.8109 55.5682 67.88
1995 4 69.429 86.4207 55.5712 68.0018
1995 5 68.8004 86.9812 55.9021 68.1173
1995 6 69.2436 87.3787 56.6576 68.1327
1995 7 67.798 87.4412 56.484 67.8276
1995 8 70.0847 88.2956 57.6632 68.5907
1995 9 70.9204 88.0095 58.1676 68.9159
1995 10 70.0591 87.3823 57.9351 69.0629
1995 11 70.0342 87.7797 58.1013 69.2383
1995 12 70.4093 87.9435 58.4299 69.517
1996 1 68.5207 87.3912 57.6106 69.4407
1996 2 70.383 88.5462 59.2196 70.341
1996 3 68.1974 88.7958 59.087 70.3492
1996 4 71.3854 88.3573 60.5604 70.9021
1996 5 71.8068 88.3514 61.4529 71.4494
1996 6 73.4782 88.6731 62.5222 72.0884
1996 7 74.0818 87.5075 63.2362 72.0753
1996 8 73.3794 87.6658 63.8304 72.7462
1996 9 73.4448 88.6236 64.2214 73.0171
1996 10 72.1394 88.6132 64.0914 73.2272
1996 11 73.0225 89.5622 65.0068 73.6318
1996 12 74.1605 89.3811 66.2457 74.1148
1997 1 73.6618 89.207 66.4535 74.3585
1997 2 74.8289 89.283 67.543 75.4704
1997 3 75.8146 89.8041 68.6831 75.9156
1997 4 73.7432 89.4559 68.977 76.3101
1997 5 74.6265 89.9308 69.9173 76.7625
1997 6 76.2445 89.2795 70.9776 77.1685
1997 7 74.931 90.3691 70.979 77.8529
1997 8 78.4011 90.6628 73.1065 78.7554
1997 9 79.3928 91.2797 73.5449 79.5246
1997 10 79.7088 92.932 74.3214 79.5798
1997 11 81.684 92.374 75.7807 80.523
1997 12 81.5338 91.8187 76.1713 81.1186
1998 1 81.963 92.1634 77.0665 81.4519
1998 2 81.7755 92.0089 77.3318 81.4503
1998 3 82.078 92.195 77.5554 81.3677
1998 4 82.3341 92.7701 77.7597 81.649
1998 5 82.9621 93.0758 78.2811 82.2631
1998 6 79.1925 93.3586 78.3414 81.7323
1998 7 75.8369 93.5829 77.6569 81.393
1998 8 85.3089 93.3568 80.4239 82.883
1998 9 84.8042 92.3087 80.2769 82.8874
1998 10 86.4907 92.2423 81.2711 83.5903
1998 11 86.226 91.4854 81.2115 83.7442
1998 12 86.9083 91.1425 81.3148 84.3842
1999 1 86.9876 92.4975 81.4215 84.5463
1999 2 87.6647 92.5726 82.0051 85.0114
1999 3 87.4134 92.5085 81.8898 85.5797
1999 4 88.3614 91.9743 82.1287 86.0153
1999 5 89.2432 92.8975 83.3214 86.4971
1999 6 88.7318 91.8139 83.0564 86.8858
1999 7 88.8124 91.2545 83.8099 88.0352
1999 8 90.8818 92.1143 84.2154 88.0573
1999 9 89.8218 91.6985 84.0261 87.9717
1999 10 92.5558 92.9614 84.6624 89.0472
1999 11 91.7909 93.1075 84.6016 90.0571
1999 12 91.8699 94.4003 85.2038 90.7234
2000 1 93.6972 92.1345 86.6449 91.0616
2000 2 93.2935 93.0634 87.2963 91.3223
2000 3 93.1766 92.7556 88.1045 91.937
2000 4 94.2279 93.4948 89.1732 92.207
2000 5 93.8901 93.7795 89.7852 92.4332
2000 6 93.6092 94.0528 89.8586 92.5676
2000 7 91.1898 94.0873 90.5663 92.1214
2000 8 91.6481 93.5198 90.2473 92.0272
2000 9 92.3232 94.6133 91.421 92.2573
2000 10 91.2504 93.7213 91.0034 92.0055
2000 11 89.0649 95.0019 90.7642 91.7481
2000 12 87.8054 96.2365 89.8779 91.1478
2001 1 86.2333 95.7546 89.7202 90.0956
2001 2 86.0544 94.9355 89.2154 89.6969
2001 3 87.903 94.0063 88.8358 89.3176
2001 4 88.4142 94.4072 86.7567 89.1474
2001 5 88.9988 93.9205 85.2383 88.3374
2001 6 88.1958 93.9525 84.4392 87.4714
2001 7 89.1464 93.299 83.6115 86.8708
2001 8 87.6368 93.8321 82.1058 87.0446
2001 9 86.9829 93.5423 80.8666 86.9279
2001 10 86.2981 94.3157 79.2649 86.407
2001 11 87.6492 93.6193 78.8457 85.791
2001 12 89.6385 93.5968 78.2489 85.5582
2002 1 89.6583 94.8538 78.1776 86.2756
2002 2 90.3067 93.8232 77.8336 86.7257
2002 3 90.9336 94.7808 78.1644 87.3121
2002 4 92.2653 94.0275 77.6717 88.264
2002 5 92.6557 94.3404 78.2145 88.8495
2002 6 93.7789 95.5055 78.7855 89.6347
2002 7 94.5416 94.8547 77.9388 89.4803
2002 8 94.2343 94.446 78.7926 89.7395
2002 9 94.2633 94.7576 78.5006 89.5728
2002 10 93.2476 94.7528 78.216 89.0341
2002 11 95.7332 94.8429 78.3492 89.6946
2002 12 93.9487 94.138 77.7375 89.4384
2003 1 95.3162 94.4275 77.9735 90.1896
2003 2 94.4124 96.3595 78.0396 90.2359
2003 3 94.5934 96.3628 78.2217 89.7453
2003 4 93.6809 95.4085 77.376 89.3113
2003 5 93.791 95.1568 77.2418 89.1898
2003 6 94.8999 94.8864 77.3264 89.2348
2003 7 96.7218 95.3252 76.8232 89.3359
2003 8 95.4845 95.1263 77.5838 89.3002
2003 9 98.6953 95.0769 78.2183 89.8413
2003 10 96.9193 94.4256 78.1055 90.2579
2003 11 97.8982 95.1137 79.6548 90.7453
2003 12 98.2479 95.2028 79.1528 90.871
2004 1 99.5045 95.4304 79.5083 90.987
2004 2 99.3876 96.1742 80.5442 91.3604
2004 3 98.1287 94.9088 80.355 91.2141
2004 4 98.361 95.7384 80.3973 91.5333
2004 5 97.2956 96.7537 81.2251 92.277
2004 6 95.1562 95.5135 81.0256 91.6547
2004 7 95.3638 95.6158 82.6355 92.4132
2004 8 96.9342 95.9691 82.5206 92.5576
2004 9 95.939 96.1538 82.6216 92.6072
2004 10 98.037 96.7327 83.4509 93.5559
2004 11 96.8402 97.0098 83.0403 94.0417
2004 12 97.8634 97.5661 83.6017 94.68
2005 1 97.4324 98.5142 84.8508 94.7675
2005 2 99.7581 98.2205 85.9727 95.4725
2005 3 98.1026 98.4623 85.6329 95.5246
2005 4 96.8141 98.4967 86.6755 95.2844
2005 5 96.9892 99.3361 87.5067 95.0373
2005 6 97.4006 100.2105 87.2592 95.3692
2005 7 96.3177 100.283 87.3905 95.1594
2005 8 98.2992 99.8729 87.9653 95.1162
2005 9 99.7519 99.5024 85.5552 91.3007
2005 10 100.7908 99.1694 89.9767 92.5051
2005 11 99.2975 99.2773 91.2508 94.2817
2005 12 97.7433 100.7577 90.6221 95.1679
2006 1 99.4592 98.842 92.0421 95.7991
2006 2 98.9848 98.7903 92.7569 95.9665
2006 3 99.5213 99.5457 93.4429 95.8448
2006 4 99.5636 99.7194 95.3391 96.3036
2006 5 98.9481 99.6847 95.0005 96.271
2006 6 99.5813 100.1293 95.6686 96.5972
2006 7 96.393 100.2393 96.891 96.8963
2006 8 98.4372 100.3799 97.2637 97.0029
2006 9 97.3685 100.281 97.3875 96.8985
2006 10 95.7393 100.8739 97.4512 96.6805
2006 11 96.968 100.5881 97.213 96.5454
2006 12 99.6921 100.2087 98.349 97.7443
2007 1 97.8425 100.3151 96.1686 97.5846
2007 2 99.5641 101.9174 97.4751 98.4878
2007 3 99.4072 100.3363 99.4911 98.8149
2007 4 101.8653 100.4628 100.6576 99.6351
2007 5 100.8764 100.1634 100.2303 99.9687
2007 6 101.7044 99.8984 99.8179 99.9003
2007 7 101.1128 100.1518 99.6944 100.1923
2007 8 100.5334 100.0447 99.468 100.417
2007 9 99.4896 100.5668 101.3031 100.8091
2007 10 99.1422 98.9346 100.8465 100.8261
2007 11 99.2919 98.7239 101.8821 101.6235
2007 12 99.1702 98.4848 102.9652 101.7408
2008 1 96.6657 98.9048 103.3531 101.2192
2008 2 95.7518 98.9996 104.3647 100.9275
2008 3 94.4738 98.2112 104 100.9949
2008 4 92.5012 98.0148 101.988 100.4336
2008 5 91.7529 97.677 102.2394 99.7714
2008 6 91.8884 97.3603 101.9151 99.5254
2008 7 88.4807 97.0962 101.366 99.447
2008 8 85.866 96.0775 97.9301 97.7244
2008 9 85.7036 95.611 89.7624 91.6186
2008 10 83.5678 96.6095 87.1158 93.9255
2008 11 81.1806 96.5081 88.3397 92.4819
2008 12 77.926 95.3537 89.083 89.0522
2009 1 70.0929 95.1375 84.2523 87.6572
2009 2 71.6421 94.9264 84.1021 86.985
2009 3 71.7141 94.347 81.8345 85.3411
2009 4 72.2924 93.6601 79.9039 84.7774
2009 5 69.0165 93.0876 77.9497 84.2127
2009 6 68.5668 92.8329 77.1542 83.7847
2009 7 74.6332 92.2628 77.6124 84.7729
2009 8 76.3299 92.7875 78.6079 85.8898
2009 9 79.0421 92.9831 78.7392 86.5787
2009 10 77.5375 93.7907 79.2046 86.7399
2009 11 79.3075 92.4341 78.8559 87.8024
2009 12 78.25 92.6714 80.3074 88.2995
2010 1 78.764 93.0203 81.4091 89.4649
2010 2 77.9274 92.5553 81.35 90.5632
2010 3 78.5731 92.4738 82.7206 91.2163
2010 4 79.0263 91.0885 84.2625 91.8159
2010 5 81.2127 92.786 86.1687 93.065
2010 6 80.1649 92.8532 87.0305 93.3817
2010 7 82.807 92.8184 88.4689 93.9751
2010 8 80.1147 93.1757 88.486 94.4933
2010 9 80.2722 92.8792 89.2615 95.3655
2010 10 81.826 92.5909 88.7388 94.7046
2010 11 80.3771 92.5065 89.5397 95.1348
2010 12 80.2923 94.0289 90.2531 96.562
2011 1 81.6973 93.6473 91.2626 96.5097
2011 2 83.9944 92.9135 92.0915 95.9152
2011 3 85.775 92.838 91.9875 97.1797
2011 4 83.1607 93.2626 91.4019 96.5907
2011 5 84.0313 93.646 92.4559 96.4631
2011 6 83.6473 93.6646 92.5739 96.8734
2011 7 86.0941 94.1517 93.0279 97.7686
2011 8 86.8127 94.2909 94.0682 97.8178
2011 9 87.5698 94.2041 94.6261 97.9787
2011 10 89.4549 93.9651 95.8667 98.7345
2011 11 88.1447 93.5122 96.5142 99.4487
2011 12 89.8691 93.4032 97.5015 100.5324
2012 1 92.8749 92.8704 99.4917 101.2287
2012 2 93.4401 93.2202 100.9999 101.2063
2012 3 93.1463 92.006 101.1911 100.7535
2012 4 94.1858 92.5605 102.608 101.6175
2012 5 93.1793 93.7338 102.9058 101.2716
2012 6 93.2486 93.5244 104.8438 101.0786
2012 7 93.1471 94.0893 105.0065 102.1726
2012 8 91.7549 93.3085 104.1836 101.0023
2012 9 91.4137 93.89 103.9747 101.2123
2012 10 91.6151 92.9604 102.6242 101.4336
2012 11 94.7478 93.0291 104.6309 102.4436
2012 12 95.9239 92.5679 105.9946 102.7169
