year mon gpsave gpdi
1947 1 28 33.7
1947 4 26.5 32.4
1947 7 31.4 32.7
1947 10 31 41
1948 1 36.7 45
1948 4 43.2 48.1
1948 7 46.4 50.2
1948 10 47.9 49.1
1949 1 43.7 40.9
1949 4 40.3 34
1949 7 42.4 37.3
1949 10 37.9 35.2
1950 1 48.2 44.4
1950 4 45.4 49.9
1950 7 39.9 56.1
1950 10 50 65.9
1951 1 42.5 62.1
1951 4 56.4 64.8
1951 7 59.1 59.4
1951 10 58.9 54.4
1952 1 58.2 55.2
1952 4 55.7 49.9
1952 7 59 53.9
1952 10 58.8 57.1
1953 1 59.7 57.9
1953 4 60.4 58.1
1953 7 59.8 57.4
1953 10 57.9 52.3
1954 1 60.9 51.5
1954 4 59.7 51.2
1954 7 59.8 54.7
1954 10 62.5 57.8
1955 1 63.7 64.2
1955 4 66.6 68.1
1955 7 68.6 70
1955 10 69.4 73.9
1956 1 71.5 73
1956 4 73.9 71.4
1956 7 76.2 72.5
1956 10 77.3 71.2
1957 1 77.8 71.8
1957 4 79.9 71.9
1957 7 79.8 73.2
1957 10 76.8 64.9
1958 1 75.8 60.5
1958 4 76.5 58.7
1958 7 81 65.5
1958 10 84.7 73.2
1959 1 84.2 76.2
1959 4 88.1 82.2
1959 7 81.4 76.4
1959 10 84.7 79.3
1960 1 87.5 89.1
1960 4 83.5 79.7
1960 7 85.1 78.7
1960 10 83.4 68.1
1961 1 86.3 70.3
1961 4 90 75.8
1961 7 94.5 82.4
1961 10 96.8 84.2
1962 1 101.1 89.4
1962 4 100.5 87.9
1962 7 100.5 89.3
1962 10 101 86
1963 1 101.9 90.5
1963 4 103.9 92.2
1963 7 104.2 95
1963 10 108.9 97.4
1964 1 113.8 100.7
1964 4 118.7 100.6
1964 7 117.8 102.5
1964 10 121.9 104.6
1965 1 124.9 115.7
1965 4 126.7 115.8
1965 7 133.7 119.7
1965 10 133.9 121.8
1966 1 135.4 131.7
1966 4 136 130.7
1966 7 137.7 130.2
1966 10 145.8 132.7
1967 1 149.3 129.3
1967 4 146.7 123.7
1967 7 152.4 128.5
1967 10 157.6 132.9
1968 1 152.6 137.2
1968 4 158.5 143.4
1968 7 150.5 139.7
1968 10 154.4 144.4
1969 1 150.1 155.7
1969 4 152.7 155.7
1969 7 164.2 160.3
1969 10 161.7 154.1
1970 1 160.6 150.7
1970 4 176.4 153.9
1970 7 181.5 156.1
1970 10 179.7 148.9
1971 1 193.3 171.3
1971 4 203.3 178.8
1971 7 206.8 183.4
1971 10 209.5 179.2
1972 1 208.3 193.2
1972 4 205.5 206.5
1972 7 216.2 212.4
1972 10 238.4 218.4
1973 1 240.5 232.5
1973 4 250.6 246
1973 7 259 241.8
1973 10 277.9 257.6
1974 1 273 244.1
1974 4 264.5 252.3
1974 7 263.6 245.4
1974 10 283.4 255.8
1975 1 288.9 218.7
1975 4 342.6 216.8
1975 7 328.3 237.8
1975 10 340.5 247.6
1976 1 343.9 274.8
1976 4 343.6 291.6
1976 7 348.2 296.5
1976 10 346.9 304.9
1977 1 345.7 326.6
1977 4 376 354.9
1977 7 403.2 378.4
1977 10 411.4 385.5
1978 1 417.5 396.8
1978 4 427.1 430.9
1978 7 444.7 451.4
1978 10 459.2 472.8
1979 1 472.4 481.1
1979 4 473.5 493
1979 7 477.6 497.9
1979 10 495.4 499.5
1980 1 498.7 505.2
1980 4 513.2 470.4
1980 7 531.6 443.5
1980 10 571.6 497.9
1981 1 577.7 563.1
1981 4 590.8 551.4
1981 7 654.9 592.8
1981 10 677.4 582.2
1982 1 666.7 526.5
1982 4 695.9 530.8
1982 7 696.6 528.7
1982 10 668.2 482.9
1983 1 687.2 496.6
1983 4 679 542.2
1983 7 687.4 577.7
1983 10 715.1 640.7
1984 1 772.6 709.7
1984 4 802.2 735.1
1984 7 838.4 753.5
1984 10 842.8 744.3
1985 1 791.3 720
1985 4 833.1 735.3
1985 7 781.9 727.2
1985 10 801.4 762.2
1986 1 805.5 763.8
1986 4 805.3 753
1986 7 771 732.5
1986 10 753.3 736.7
1987 1 803.3 765
1987 4 760.7 767.6
1987 7 814.1 769.5
1987 10 874 837.8
1988 1 883.8 797.6
1988 4 909.4 820.4
1988 7 914.2 825.7
1988 10 927.8 842.6
1989 1 933.6 884.1
1989 4 909.3 878.2
1989 7 908.8 870.3
1989 10 912.8 867.3
1990 1 934 880
1990 4 979.2 882.5
1990 7 946.5 866.8
1990 10 968.6 814.6
1991 1 1025.9 787.9
1991 4 1029.5 784.1
1991 7 1025.1 805.3
1991 10 1065.9 834.3
1992 1 1098.5 810.2
1992 4 1119.1 865.4
1992 7 1081.5 876.8
1992 10 1067.8 906.7
1993 1 1110.7 931.3
1993 4 1092.9 942.3
1993 7 1077.4 943.4
1993 10 1070.8 996.4
1994 1 1123.4 1043.6
1994 4 1131.2 1106.9
1994 7 1148.1 1092.9
1994 10 1191.8 1145.7
1995 1 1244.6 1160.6
1995 4 1235.8 1132.7
1995 7 1259.5 1126.2
1995 10 1264.8 1156.7
1996 1 1289.9 1170
1996 4 1287.5 1227.8
1996 7 1307.5 1279.8
1996 10 1316.9 1283.1
1997 1 1342.6 1320.6
1997 4 1384.1 1385
1997 7 1381.2 1414.9
1997 10 1393.7 1434.1
1998 1 1408.1 1494.9
1998 4 1399.6 1471.5
1998 7 1405.1 1512.7
1998 10 1367.1 1564
1999 1 1439.4 1617.3
1999 4 1376.5 1604.7
1999 7 1341.1 1644.5
1999 10 1364 1699.5
2000 1 1377.1 1688.8
2000 4 1383.6 1810.9
2000 7 1401.7 1791.7
2000 10 1342.3 1797.4
2001 1 1425.8 1701.3
2001 4 1436.6 1699.4
2001 7 1583.4 1670.4
2001 10 1420.1 1576.6
2002 1 1655.4 1628
2002 4 1677.7 1648.1
2002 7 1617.6 1650.4
2002 10 1676.6 1661.3
2003 1 1661.5 1671.5
2003 4 1747.8 1678.5
2003 7 1790.4 1745.1
2003 10 1799.3 1823.6
2004 1 1864.1 1853.6
2004 4 1905.8 1956
2004 7 1930.4 2001.3
2004 10 1878.3 2063.3
2005 1 1880.4 2130.8
2005 4 1904.4 2115.3
2005 7 1918.2 2166.7
2005 10 1998.5 2276.3
2006 1 2055 2336.6
2006 4 2075.5 2352.1
2006 7 2082.3 2333.4
2006 10 2105.2 2286.5
2007 1 1981.2 2277.4
2007 4 1998.7 2329.6
2007 7 1967.8 2313.4
2007 10 2009.7 2260.5
2008 1 2138.9 2185.7
2008 4 2411.5 2165.4
2008 7 2333.9 2086.3
2008 10 2246.7 1913
2009 1 2503.8 1645.8
2009 4 2621.7 1495.3
2009 7 2556.6 1465.6
2009 10 2617.1 1590.4
2010 1 2781.4 1660.4
2010 4 2843.9 1724.7
2010 7 2888.3 1793.3
2010 10 2825.7 1770.9
2011 1 2794.6 1755.9
2011 4 2836 1819
2011 7 2810.7 1853.8
2011 10 2868.5 1991.1
2012 1 2773 2032.2
2012 4 2828.7 2041.7
2012 7 2838.8 2080.1
