1954.  7.  1.    2.89    3.50
1954.  8.  1.    2.87    3.49
1954.  9.  1.    2.89    3.47
1954. 10.  1.    2.87    3.46
1954. 11.  1.    2.89    3.45
1954. 12.  1.    2.90    3.45
1955.  1.  1.    2.93    3.45
1955.  2.  1.    2.93    3.47
1955.  3.  1.    3.02    3.48
1955.  4.  1.    3.01    3.49
1955.  5.  1.    3.04    3.50
1955.  6.  1.    3.05    3.51
1955.  7.  1.    3.06    3.52
1955.  8.  1.    3.11    3.56
1955.  9.  1.    3.13    3.59
1955. 10.  1.    3.10    3.59
1955. 11.  1.    3.10    3.58
1955. 12.  1.    3.15    3.62
1956.  1.  1.    3.11    3.60
1956.  2.  1.    3.08    3.58
1956.  3.  1.    3.10    3.60
1956.  4.  1.    3.24    3.68
1956.  5.  1.    3.28    3.73
1956.  6.  1.    3.26    3.76
1956.  7.  1.    3.28    3.80
1956.  8.  1.    3.43    3.93
1956.  9.  1.    3.56    4.07
1956. 10.  1.    3.59    4.17
1956. 11.  1.    3.69    4.24
1956. 12.  1.    3.75    4.37
1957.  1.  1.    3.77    4.49
1957.  2.  1.    3.67    4.47
1957.  3.  1.    3.66    4.43
1957.  4.  1.    3.67    4.44
1957.  5.  1.    3.74    4.52
1957.  6.  1.    3.91    4.63
1957.  7.  1.    3.99    4.73
1957.  8.  1.    4.10    4.82
1957.  9.  1.    4.12    4.93
1957. 10.  1.    4.10    4.99
1957. 11.  1.    4.08    5.09
1957. 12.  1.    3.81    5.03
1958.  1.  1.    3.60    4.83
1958.  2.  1.    3.59    4.66
1958.  3.  1.    3.63    4.68
1958.  4.  1.    3.60    4.67
1958.  5.  1.    3.57    4.62
1958.  6.  1.    3.57    4.55
1958.  7.  1.    3.67    4.53
1958.  8.  1.    3.85    4.67
1958.  9.  1.    4.09    4.87
1958. 10.  1.    4.11    4.92
1958. 11.  1.    4.09    4.87
1958. 12.  1.    4.08    4.85
1959.  1.  1.    4.12    4.87
1959.  2.  1.    4.14    4.89
1959.  3.  1.    4.13    4.85
1959.  4.  1.    4.23    4.86
1959.  5.  1.    4.37    4.96
1959.  6.  1.    4.46    5.04
1959.  7.  1.    4.47    5.08
1959.  8.  1.    4.43    5.09
1959.  9.  1.    4.52    5.18
1959. 10.  1.    4.57    5.28
1959. 11.  1.    4.56    5.26
1959. 12.  1.    4.58    5.28
1960.  1.  1.    4.61    5.34
1960.  2.  1.    4.56    5.34
1960.  3.  1.    4.49    5.25
1960.  4.  1.    4.45    5.20
1960.  5.  1.    4.46    5.28
1960.  6.  1.    4.45    5.26
1960.  7.  1.    4.41    5.22
1960.  8.  1.    4.28    5.08
1960.  9.  1.    4.25    5.01
1960. 10.  1.    4.30    5.11
1960. 11.  1.    4.31    5.08
1960. 12.  1.    4.35    5.10
1961.  1.  1.    4.32    5.10
1961.  2.  1.    4.27    5.07
1961.  3.  1.    4.22    5.02
1961.  4.  1.    4.25    5.01
1961.  5.  1.    4.27    5.01
1961.  6.  1.    4.33    5.03
1961.  7.  1.    4.41    5.09
1961.  8.  1.    4.45    5.11
1961.  9.  1.    4.45    5.12
1961. 10.  1.    4.42    5.13
1961. 11.  1.    4.39    5.11
1961. 12.  1.    4.42    5.10
1962.  1.  1.    4.42    5.08
1962.  2.  1.    4.42    5.07
1962.  3.  1.    4.39    5.04
1962.  4.  1.    4.33    5.02
1962.  5.  1.    4.28    5.00
1962.  6.  1.    4.28    5.02
1962.  7.  1.    4.34    5.05
1962.  8.  1.    4.35    5.06
1962.  9.  1.    4.32    5.03
1962. 10.  1.    4.28    4.99
1962. 11.  1.    4.25    4.96
1962. 12.  1.    4.24    4.92
1963.  1.  1.    4.21    4.91
1963.  2.  1.    4.19    4.89
1963.  3.  1.    4.19    4.88
1963.  4.  1.    4.21    4.87
1963.  5.  1.    4.22    4.85
1963.  6.  1.    4.23    4.84
1963.  7.  1.    4.26    4.84
1963.  8.  1.    4.29    4.83
1963.  9.  1.    4.31    4.84
1963. 10.  1.    4.32    4.83
1963. 11.  1.    4.33    4.84
1963. 12.  1.    4.35    4.85
1964.  1.  1.    4.39    4.83
1964.  2.  1.    4.36    4.83
1964.  3.  1.    4.38    4.83
1964.  4.  1.    4.40    4.85
1964.  5.  1.    4.41    4.85
1964.  6.  1.    4.41    4.85
1964.  7.  1.    4.40    4.83
1964.  8.  1.    4.41    4.82
1964.  9.  1.    4.42    4.82
1964. 10.  1.    4.42    4.81
1964. 11.  1.    4.43    4.81
1964. 12.  1.    4.44    4.81
1965.  1.  1.    4.43    4.80
1965.  2.  1.    4.41    4.78
1965.  3.  1.    4.42    4.78
1965.  4.  1.    4.43    4.80
1965.  5.  1.    4.44    4.81
1965.  6.  1.    4.46    4.85
1965.  7.  1.    4.48    4.88
1965.  8.  1.    4.49    4.88
1965.  9.  1.    4.52    4.91
1965. 10.  1.    4.56    4.93
1965. 11.  1.    4.60    4.95
1965. 12.  1.    4.68    5.02
1966.  1.  1.    4.74    5.06
1966.  2.  1.    4.78    5.12
1966.  3.  1.    4.92    5.32
1966.  4.  1.    4.96    5.41
1966.  5.  1.    4.98    5.48
1966.  6.  1.    5.07    5.58
1966.  7.  1.    5.16    5.68
1966.  8.  1.    5.31    5.83
1966.  9.  1.    5.49    6.09
1966. 10.  1.    5.41    6.10
1966. 11.  1.    5.35    6.13
1966. 12.  1.    5.39    6.18
1967.  1.  1.    5.20    5.97
1967.  2.  1.    5.03    5.82
1967.  3.  1.    5.13    5.85
1967.  4.  1.    5.11    5.83
1967.  5.  1.    5.24    5.96
1967.  6.  1.    5.44    6.15
1967.  7.  1.    5.58    6.26
1967.  8.  1.    5.62    6.33
1967.  9.  1.    5.65    6.40
1967. 10.  1.    5.82    6.52
1967. 11.  1.    6.07    6.72
1967. 12.  1.    6.19    6.93
1968.  1.  1.    6.17    6.84
1968.  2.  1.    6.10    6.80
1968.  3.  1.    6.11    6.85
1968.  4.  1.    6.21    6.97
1968.  5.  1.    6.27    7.03
1968.  6.  1.    6.28    7.07
1968.  7.  1.    6.24    6.98
1968.  8.  1.    6.02    6.82
1968.  9.  1.    5.97    6.79
1968. 10.  1.    6.09    6.84
1968. 11.  1.    6.19    7.01
1968. 12.  1.    6.45    7.23
1969.  1.  1.    6.59    7.32
1969.  2.  1.    6.66    7.30
1969.  3.  1.    6.85    7.51
1969.  4.  1.    6.89    7.54
1969.  5.  1.    6.79    7.52
1969.  6.  1.    6.98    7.70
1969.  7.  1.    7.08    7.84
1969.  8.  1.    6.97    7.86
1969.  9.  1.    7.14    8.05
1969. 10.  1.    7.33    8.22
1969. 11.  1.    7.35    8.25
1969. 12.  1.    7.72    8.65
1970.  1.  1.    7.91    8.86
1970.  2.  1.    7.93    8.78
1970.  3.  1.    7.84    8.63
1970.  4.  1.    7.83    8.70
1970.  5.  1.    8.11    8.98
1970.  6.  1.    8.48    9.25
1970.  7.  1.    8.44    9.40
1970.  8.  1.    8.13    9.44
1970.  9.  1.    8.09    9.39
1970. 10.  1.    8.03    9.33
1970. 11.  1.    8.05    9.38
1970. 12.  1.    7.64    9.12
1971.  1.  1.    7.36    8.74
1971.  2.  1.    7.08    8.39
1971.  3.  1.    7.21    8.46
1971.  4.  1.    7.25    8.45
1971.  5.  1.    7.53    8.62
1971.  6.  1.    7.64    8.75
1971.  7.  1.    7.64    8.76
1971.  8.  1.    7.59    8.76
1971.  9.  1.    7.44    8.59
1971. 10.  1.    7.39    8.48
1971. 11.  1.    7.26    8.38
1971. 12.  1.    7.25    8.38
1972.  1.  1.    7.19    8.23
1972.  2.  1.    7.27    8.23
1972.  3.  1.    7.24    8.24
1972.  4.  1.    7.30    8.24
1972.  5.  1.    7.30    8.23
1972.  6.  1.    7.23    8.20
1972.  7.  1.    7.21    8.23
1972.  8.  1.    7.19    8.19
1972.  9.  1.    7.22    8.09
1972. 10.  1.    7.21    8.06
1972. 11.  1.    7.12    7.99
1972. 12.  1.    7.08    7.93
1973.  1.  1.    7.15    7.90
1973.  2.  1.    7.22    7.97
1973.  3.  1.    7.29    8.03
1973.  4.  1.    7.26    8.09
1973.  5.  1.    7.29    8.06
1973.  6.  1.    7.37    8.13
1973.  7.  1.    7.45    8.24
1973.  8.  1.    7.68    8.53
1973.  9.  1.    7.63    8.63
1973. 10.  1.    7.60    8.41
1973. 11.  1.    7.67    8.42
1973. 12.  1.    7.68    8.48
1974.  1.  1.    7.83    8.48
1974.  2.  1.    7.85    8.53
1974.  3.  1.    8.01    8.62
1974.  4.  1.    8.25    8.87
1974.  5.  1.    8.37    9.05
1974.  6.  1.    8.47    9.27
1974.  7.  1.    8.72    9.48
1974.  8.  1.    9.00    9.77
1974.  9.  1.    9.24   10.18
1974. 10.  1.    9.27   10.48
1974. 11.  1.    8.89   10.60
1974. 12.  1.    8.89   10.63
1975.  1.  1.    8.83   10.81
1975.  2.  1.    8.62   10.65
1975.  3.  1.    8.67   10.48
1975.  4.  1.    8.95   10.58
1975.  5.  1.    8.90   10.69
1975.  6.  1.    8.77   10.62
1975.  7.  1.    8.84   10.55
1975.  8.  1.    8.95   10.59
1975.  9.  1.    8.95   10.61
1975. 10.  1.    8.86   10.62
1975. 11.  1.    8.78   10.56
1975. 12.  1.    8.79   10.56
1976.  1.  1.    8.60   10.41
1976.  2.  1.    8.55   10.24
1976.  3.  1.    8.52   10.12
1976.  4.  1.    8.40    9.94
1976.  5.  1.    8.58    9.86
1976.  6.  1.    8.62    9.89
1976.  7.  1.    8.56    9.82
1976.  8.  1.    8.45    9.64
1976.  9.  1.    8.38    9.40
1976. 10.  1.    8.32    9.29
1976. 11.  1.    8.25    9.23
1976. 12.  1.    7.98    9.12
1977.  1.  1.    7.96    9.08
1977.  2.  1.    8.04    9.12
1977.  3.  1.    8.10    9.12
1977.  4.  1.    8.04    9.07
1977.  5.  1.    8.05    9.01
1977.  6.  1.    7.95    8.91
1977.  7.  1.    7.94    8.87
1977.  8.  1.    7.98    8.82
1977.  9.  1.    7.92    8.80
1977. 10.  1.    8.04    8.89
1977. 11.  1.    8.08    8.95
1977. 12.  1.    8.19    8.99
1978.  1.  1.    8.41    9.17
1978.  2.  1.    8.47    9.20
1978.  3.  1.    8.47    9.22
1978.  4.  1.    8.56    9.32
1978.  5.  1.    8.69    9.49
1978.  6.  1.    8.76    9.60
1978.  7.  1.    8.88    9.60
1978.  8.  1.    8.69    9.48
1978.  9.  1.    8.69    9.42
1978. 10.  1.    8.89    9.59
1978. 11.  1.    9.03    9.83
1978. 12.  1.    9.16    9.94
1979.  1.  1.    9.25   10.13
1979.  2.  1.    9.26   10.08
1979.  3.  1.    9.37   10.26
1979.  4.  1.    9.38   10.33
1979.  5.  1.    9.50   10.47
1979.  6.  1.    9.29   10.38
1979.  7.  1.    9.20   10.29
1979.  8.  1.    9.23   10.35
1979.  9.  1.    9.44   10.54
1979. 10.  1.   10.13   11.40
1979. 11.  1.   10.76   11.99
1979. 12.  1.   10.74   12.06
1980.  1.  1.   11.09   12.42
1980.  2.  1.   12.38   13.57
1980.  3.  1.   12.96   14.45
1980.  4.  1.   12.04   14.19
1980.  5.  1.   10.99   13.17
1980.  6.  1.   10.58   12.71
1980.  7.  1.   11.07   12.65
1980.  8.  1.   11.64   13.15
1980.  9.  1.   12.02   13.70
1980. 10.  1.   12.31   14.23
1980. 11.  1.   12.97   14.64
1980. 12.  1.   13.21   15.14
1981.  1.  1.   12.81   15.03
1981.  2.  1.   13.35   15.37
1981.  3.  1.   13.33   15.34
1981.  4.  1.   13.88   15.56
1981.  5.  1.   14.32   15.95
1981.  6.  1.   13.75   15.80
1981.  7.  1.   14.38   16.17
1981.  8.  1.   14.89   16.34
1981.  9.  1.   15.49   16.92
1981. 10.  1.   15.40   17.11
1981. 11.  1.   14.22   16.39
1981. 12.  1.   14.23   16.55
1982.  1.  1.   15.18   17.10
1982.  2.  1.   15.27   17.18
1982.  3.  1.   14.58   16.82
1982.  4.  1.   14.46   16.78
1982.  5.  1.   14.26   16.64
1982.  6.  1.   14.81   16.92
1982.  7.  1.   14.61   16.80
1982.  8.  1.   13.71   16.32
1982.  9.  1.   12.94   15.63
1982. 10.  1.   12.12   14.73
1982. 11.  1.   11.68   14.30
1982. 12.  1.   11.83   14.14
1983.  1.  1.   11.79   13.94
1983.  2.  1.   12.01   13.95
1983.  3.  1.   11.73   13.61
1983.  4.  1.   11.51   13.29
1983.  5.  1.   11.46   13.09
1983.  6.  1.   11.74   13.37
1983.  7.  1.   12.15   13.39
1983.  8.  1.   12.51   13.64
1983.  9.  1.   12.37   13.55
1983. 10.  1.   12.25   13.46
1983. 11.  1.   12.41   13.61
1983. 12.  1.   12.57   13.75
1984.  1.  1.   12.20   13.65
1984.  2.  1.   12.08   13.59
1984.  3.  1.   12.57   13.99
1984.  4.  1.   12.81   14.31
1984.  5.  1.   13.28   14.74
1984.  6.  1.   13.55   15.05
1984.  7.  1.   13.44   15.15
1984.  8.  1.   12.87   14.63
1984.  9.  1.   12.66   14.35
1984. 10.  1.   12.63   13.94
1984. 11.  1.   12.29   13.48
1984. 12.  1.   12.13   13.40
1985.  1.  1.   12.08   13.26
1985.  2.  1.   12.13   13.23
1985.  3.  1.   12.56   13.69
1985.  4.  1.   12.23   13.51
1985.  5.  1.   11.72   13.15
1985.  6.  1.   10.94   12.40
1985.  7.  1.   10.97   12.43
1985.  8.  1.   11.05   12.50
1985.  9.  1.   11.07   12.48
1985. 10.  1.   11.02   12.36
1985. 11.  1.   10.55   11.99
1985. 12.  1.   10.16   11.58
1986.  1.  1.   10.05   11.44
1986.  2.  1.    9.67   11.11
1986.  3.  1.    9.00   10.50
1986.  4.  1.    8.79   10.19
1986.  5.  1.    9.09   10.29
1986.  6.  1.    9.13   10.34
1986.  7.  1.    8.88   10.16
1986.  8.  1.    8.72   10.18
1986.  9.  1.    8.89   10.20
1986. 10.  1.    8.86   10.24
1986. 11.  1.    8.68   10.07
1986. 12.  1.    8.49    9.97
1987.  1.  1.    8.36    9.72
1987.  2.  1.    8.38    9.65
1987.  3.  1.    8.36    9.61
1987.  4.  1.    8.85   10.04
1987.  5.  1.    9.33   10.51
1987.  6.  1.    9.32   10.52
1987.  7.  1.    9.42   10.61
1987.  8.  1.    9.67   10.80
1987.  9.  1.   10.18   11.31
1987. 10.  1.   10.52   11.62
1987. 11.  1.   10.01   11.23
1987. 12.  1.   10.11   11.29
1988.  1.  1.    9.88   11.07
1988.  2.  1.    9.40   10.62
1988.  3.  1.    9.39   10.57
1988.  4.  1.    9.67   10.90
1988.  5.  1.    9.90   11.04
1988.  6.  1.    9.86   11.00
1988.  7.  1.    9.96   11.11
1988.  8.  1.   10.11   11.21
1988.  9.  1.    9.82   10.90
1988. 10.  1.    9.51   10.41
1988. 11.  1.    9.45   10.48
1988. 12.  1.    9.57   10.65
1989.  1.  1.    9.62   10.65
1989.  2.  1.    9.64   10.61
1989.  3.  1.    9.80   10.67
1989.  4.  1.    9.79   10.61
1989.  5.  1.    9.57   10.46
1989.  6.  1.    9.10   10.03
1989.  7.  1.    8.93    9.87
1989.  8.  1.    8.96    9.88
1989.  9.  1.    9.01    9.91
1989. 10.  1.    8.92    9.81
1989. 11.  1.    8.89    9.81
1989. 12.  1.    8.86    9.82
1990.  1.  1.    8.99    9.94
1990.  2.  1.    9.22   10.14
1990.  3.  1.    9.37   10.21
1990.  4.  1.    9.46   10.30
1990.  5.  1.    9.47   10.41
1990.  6.  1.    9.26   10.22
1990.  7.  1.    9.24   10.20
1990.  8.  1.    9.41   10.41
1990.  9.  1.    9.56   10.64
1990. 10.  1.    9.53   10.74
1990. 11.  1.    9.30   10.62
1990. 12.  1.    9.05   10.43
1991.  1.  1.    9.04   10.45
1991.  2.  1.    8.83   10.07
1991.  3.  1.    8.93   10.09
1991.  4.  1.    8.86    9.94
1991.  5.  1.    8.86    9.86
1991.  6.  1.    9.01    9.96
1991.  7.  1.    9.00    9.89
1991.  8.  1.    8.75    9.65
1991.  9.  1.    8.61    9.51
1991. 10.  1.    8.55    9.49
1991. 11.  1.    8.48    9.45
1991. 12.  1.    8.31    9.26
1992.  1.  1.    8.20    9.13
1992.  2.  1.    8.29    9.23
1992.  3.  1.    8.35    9.25
1992.  4.  1.    8.33    9.21
1992.  5.  1.    8.28    9.13
1992.  6.  1.    8.22    9.05
1992.  7.  1.    8.07    8.84
1992.  8.  1.    7.95    8.65
1992.  9.  1.    7.92    8.62
1992. 10.  1.    7.99    8.84
1992. 11.  1.    8.10    8.96
1992. 12.  1.    7.98    8.81
1993.  1.  1.    7.91    8.67
1993.  2.  1.    7.71    8.39
1993.  3.  1.    7.58    8.15
1993.  4.  1.    7.46    8.14
1993.  5.  1.    7.43    8.21
1993.  6.  1.    7.33    8.07
1993.  7.  1.    7.17    7.93
1993.  8.  1.    6.85    7.60
1993.  9.  1.    6.66    7.34
1993. 10.  1.    6.67    7.31
1993. 11.  1.    6.93    7.66
1993. 12.  1.    6.93    7.69
1994.  1.  1.    6.92    7.65
1994.  2.  1.    7.08    7.76
1994.  3.  1.    7.48    8.13
1994.  4.  1.    7.88    8.52
1994.  5.  1.    7.99    8.62
1994.  6.  1.    7.97    8.65
1994.  7.  1.    8.11    8.80
1994.  8.  1.    8.07    8.74
1994.  9.  1.    8.34    8.98
1994. 10.  1.    8.57    9.20
1994. 11.  1.    8.68    9.32
1994. 12.  1.    8.46    9.10
1995.  1.  1.    8.46    9.08
1995.  2.  1.    8.26    8.85
1995.  3.  1.    8.12    8.70
1995.  4.  1.    8.03    8.60
1995.  5.  1.    7.65    8.20
1995.  6.  1.    7.30    7.90
1995.  7.  1.    7.41    8.04
1995.  8.  1.    7.57    8.19
1995.  9.  1.    7.32    7.93
1995. 10.  1.    7.12    7.75
1995. 11.  1.    7.02    7.68
1995. 12.  1.    6.82    7.49
1996.  1.  1.    6.81    7.47
1996.  2.  1.    6.99    7.63
1996.  3.  1.    7.35    8.03
1996.  4.  1.    7.50    8.19
1996.  5.  1.    7.62    8.30
1996.  6.  1.    7.71    8.40
1996.  7.  1.    7.65    8.35
1996.  8.  1.    7.46    8.18
1996.  9.  1.    7.66    8.35
1996. 10.  1.    7.39    8.07
1996. 11.  1.    7.10    7.79
1996. 12.  1.    7.20    7.89
1997.  1.  1.    7.42    8.09
1997.  2.  1.    7.31    7.94
1997.  3.  1.    7.55    8.18
1997.  4.  1.    7.73    8.34
1997.  5.  1.    7.58    8.20
1997.  6.  1.    7.41    8.02
1997.  7.  1.    7.14    7.75
1997.  8.  1.    7.22    7.82
1997.  9.  1.    7.15    7.70
1997. 10.  1.    7.00    7.57
1997. 11.  1.    6.87    7.42
1997. 12.  1.    6.76    7.32
1998.  1.  1.    6.61    7.19
1998.  2.  1.    6.67    7.25
1998.  3.  1.    6.72    7.32
1998.  4.  1.    6.69    7.33
1998.  5.  1.    6.69    7.30
1998.  6.  1.    6.53    7.13
1998.  7.  1.    6.55    7.15
1998.  8.  1.    6.52    7.14
1998.  9.  1.    6.40    7.09
1998. 10.  1.    6.37    7.18
1998. 11.  1.    6.41    7.34
1998. 12.  1.    6.22    7.23
1999.  1.  1.    6.24    7.29
1999.  2.  1.    6.40    7.39
1999.  3.  1.    6.62    7.53
1999.  4.  1.    6.64    7.48
1999.  5.  1.    6.93    7.72
1999.  6.  1.    7.23    8.02
1999.  7.  1.    7.19    7.95
1999.  8.  1.    7.40    8.15
1999.  9.  1.    7.39    8.20
1999. 10.  1.    7.55    8.38
1999. 11.  1.    7.36    8.15
1999. 12.  1.    7.55    8.19
2000.  1.  1.    7.78    8.33
2000.  2.  1.    7.68    8.29
2000.  3.  1.    7.68    8.37
2000.  4.  1.    7.64    8.40
2000.  5.  1.    7.99    8.90
2000.  6.  1.    7.67    8.48
2000.  7.  1.    7.65    8.35
2000.  8.  1.    7.55    8.26
2000.  9.  1.    7.62    8.35
2000. 10.  1.    7.55    8.34
2000. 11.  1.    7.45    8.28
2000. 12.  1.    7.21    8.02
2001.  1.  1.    7.15    7.93
2001.  2.  1.    7.10    7.87
2001.  3.  1.    6.98    7.84
2001.  4.  1.    7.20    8.07
2001.  5.  1.    7.29    8.07
2001.  6.  1.    7.18    7.97
2001.  7.  1.    7.13    7.97
2001.  8.  1.    7.02    7.85
2001.  9.  1.    7.17    8.03
2001. 10.  1.    7.03    7.91
2001. 11.  1.    6.97    7.81
2001. 12.  1.    6.77    8.05
2002.  1.  1.    6.55    7.87
2002.  2.  1.    6.51    7.89
2002.  3.  1.    6.81    8.11
2002.  4.  1.    6.76    8.03
2002.  5.  1.    6.75    8.09
2002.  6.  1.    6.63    7.95
2002.  7.  1.    6.53    7.90
2002.  8.  1.    6.37    7.58
2002.  9.  1.    6.15    7.40
2002. 10.  1.    6.32    7.73
2002. 11.  1.    6.31    7.62
2002. 12.  1.    6.21    7.45
2003.  1.  1.    6.17    7.35
2003.  2.  1.    5.95    7.06
2003.  3.  1.    5.89    6.95
2003.  4.  1.    5.74    6.85
2003.  5.  1.    5.22    6.38
2003.  6.  1.    4.97    6.19
2003.  7.  1.    5.49    6.62
2003.  8.  1.    5.88    7.01
2003.  9.  1.    5.72    6.79
2003. 10.  1.    5.70    6.73
2003. 11.  1.    5.65    6.66
2003. 12.  1.    5.62    6.60
2004.  1.  1.    5.54    6.44
2004.  2.  1.    5.50    6.27
2004.  3.  1.    5.33    6.11
2004.  4.  1.    5.73    6.46
2004.  5.  1.    6.04    6.75
2004.  6.  1.    6.01    6.78
2004.  7.  1.    5.82    6.62
2004.  8.  1.    5.65    6.46
2004.  9.  1.    5.46    6.27
2004. 10.  1.    5.47    6.21
2004. 11.  1.    5.52    6.20
2004. 12.  1.    5.47    6.15
2005.  1.  1.    5.36    6.02
2005.  2.  1.    5.20    5.82
2005.  3.  1.    5.40    6.06
