year mon day  dspi
1959 01 01    340.7
1959 02 01    342.4
1959 03 01    344.8
1959 04 01    347.7
1959 05 01    350.0
1959 06 01    352.2
1959 07 01    352.2
1959 08 01    350.6
1959 09 01    351.6
1959 10 01    353.0
1959 11 01    355.8
1959 12 01    359.6
1960 01 01    360.7
1960 02 01    361.0
1960 03 01    361.5
1960 04 01    364.1
1960 05 01    365.2
1960 06 01    365.5
1960 07 01    366.3
1960 08 01    366.4
1960 09 01    367.2
1960 10 01    369.1
1960 11 01    368.6
1960 12 01    366.6
1961 01 01    370.5
1961 02 01    372.4
1961 03 01    373.6
1961 04 01    374.2
1961 05 01    377.3
1961 06 01    381.6
1961 07 01    383.8
1961 08 01    384.0
1961 09 01    384.9
1961 10 01    388.9
1961 11 01    392.7
1961 12 01    395.0
1962 01 01    394.6
1962 02 01    397.6
1962 03 01    400.8
1962 04 01    403.0
1962 05 01    403.4
1962 06 01    404.2
1962 07 01    405.6
1962 08 01    406.4
1962 09 01    408.5
1962 10 01    409.7
1962 11 01    411.4
1962 12 01    413.0
1963 01 01    417.1
1963 02 01    414.8
1963 03 01    416.1
1963 04 01    418.0
1963 05 01    420.1
1963 06 01    423.5
1963 07 01    424.7
1963 08 01    427.1
1963 09 01    430.1
1963 10 01    433.7
1963 11 01    435.0
1963 12 01    439.2
1964 01 01    441.9
1964 02 01    443.9
1964 03 01    454.8
1964 04 01    457.6
1964 05 01    460.1
1964 06 01    462.5
1964 07 01    464.6
1964 08 01    467.8
1964 09 01    470.3
1964 10 01    470.6
1964 11 01    473.8
1964 12 01    479.2
1965 01 01    480.7
1965 02 01    480.8
1965 03 01    482.8
1965 04 01    484.3
1965 05 01    490.6
1965 06 01    492.6
1965 07 01    498.1
1965 08 01    500.6
1965 09 01    514.8
1965 10 01    511.9
1965 11 01    516.5
1965 12 01    520.4
1966 01 01    521.7
1966 02 01    525.5
1966 03 01    528.4
1966 04 01    528.5
1966 05 01    530.0
1966 06 01    533.7
1966 07 01    536.8
1966 08 01    541.7
1966 09 01    546.3
1966 10 01    549.8
1966 11 01    553.0
1966 12 01    553.4
1967 01 01    559.4
1967 02 01    560.9
1967 03 01    565.6
1967 04 01    566.4
1967 05 01    568.7
1967 06 01    572.7
1967 07 01    577.1
1967 08 01    580.7
1967 09 01    582.1
1967 10 01    583.5
1967 11 01    588.8
1967 12 01    595.4
1968 01 01    598.7
1968 02 01    605.5
1968 03 01    613.2
1968 04 01    617.6
1968 05 01    622.2
1968 06 01    626.7
1968 07 01    627.3
1968 08 01    630.2
1968 09 01    632.0
1968 10 01    637.1
1968 11 01    641.4
1968 12 01    644.6
1969 01 01    646.1
1969 02 01    647.6
1969 03 01    651.6
1969 04 01    654.1
1969 05 01    664.2
1969 06 01    671.9
1969 07 01    679.7
1969 08 01    686.0
1969 09 01    690.0
1969 10 01    694.5
1969 11 01    698.2
1969 12 01    702.0
1970 01 01    705.8
1970 02 01    710.1
1970 03 01    713.7
1970 04 01    731.8
1970 05 01    730.0
1970 06 01    729.1
1970 07 01    742.6
1970 08 01    747.4
1970 09 01    752.1
1970 10 01    751.6
1970 11 01    752.9
1970 12 01    759.2
1971 01 01    773.1
1971 02 01    776.2
1971 03 01    781.2
1971 04 01    786.6
1971 05 01    792.6
1971 06 01    813.0
1971 07 01    803.4
1971 08 01    810.1
1971 09 01    813.0
1971 10 01    816.7
1971 11 01    820.8
1971 12 01    829.9
1972 01 01    829.9
1972 02 01    837.8
1972 03 01    841.4
1972 04 01    842.9
1972 05 01    850.7
1972 06 01    853.7
1972 07 01    864.4
1972 08 01    875.4
1972 09 01    882.6
1972 10 01    904.9
1972 11 01    918.3
1972 12 01    925.9
1973 01 01    925.2
1973 02 01    939.3
1973 03 01    949.6
1973 04 01    958.4
1973 05 01    965.0
1973 06 01    973.5
1973 07 01    979.3
1973 08 01    988.0
1973 09 01    997.2
1973 10 01   1012.4
1973 11 01   1022.7
1973 12 01   1027.1
1974 01 01   1031.1
1974 02 01   1034.9
1974 03 01   1039.0
1974 04 01   1046.0
1974 05 01   1055.4
1974 06 01   1064.2
1974 07 01   1080.0
1974 08 01   1086.0
1974 09 01   1095.2
1974 10 01   1105.9
1974 11 01   1107.5
1974 12 01   1115.2
1975 01 01   1120.8
1975 02 01   1126.3
1975 03 01   1130.6
1975 04 01   1156.0
1975 05 01   1229.2
1975 06 01   1193.7
1975 07 01   1186.0
1975 08 01   1200.1
1975 09 01   1210.4
1975 10 01   1223.3
1975 11 01   1231.2
1975 12 01   1239.5
1976 01 01   1253.7
1976 02 01   1264.2
1976 03 01   1271.9
1976 04 01   1277.2
1976 05 01   1284.5
1976 06 01   1291.5
1976 07 01   1306.4
1976 08 01   1316.4
1976 09 01   1324.3
1976 10 01   1329.7
1976 11 01   1348.5
1976 12 01   1360.0
1977 01 01   1364.0
1977 02 01   1361.6
1977 03 01   1388.8
1977 04 01   1400.5
1977 05 01   1408.9
1977 06 01   1423.0
1977 07 01   1439.9
1977 08 01   1453.3
1977 09 01   1467.6
1977 10 01   1488.3
1977 11 01   1506.7
1977 12 01   1517.4
1978 01 01   1519.9
1978 02 01   1535.9
1978 03 01   1559.8
1978 04 01   1577.9
1978 05 01   1588.3
1978 06 01   1598.5
1978 07 01   1616.5
1978 08 01   1629.8
1978 09 01   1641.7
1978 10 01   1658.7
1978 11 01   1672.5
1978 12 01   1688.3
1979 01 01   1707.2
1979 02 01   1721.9
1979 03 01   1740.9
1979 04 01   1745.7
1979 05 01   1758.6
1979 06 01   1769.5
1979 07 01   1796.0
1979 08 01   1811.8
1979 09 01   1827.6
1979 10 01   1848.5
1979 11 01   1870.4
1979 12 01   1892.4
1980 01 01   1922.8
1980 02 01   1932.6
1980 03 01   1940.0
1980 04 01   1942.4
1980 05 01   1949.5
1980 06 01   1962.2
1980 07 01   1993.8
1980 08 01   2013.5
1980 09 01   2045.1
1980 10 01   2086.4
1980 11 01   2110.0
1980 12 01   2133.7
1981 01 01   2141.8
1981 02 01   2154.8
1981 03 01   2175.4
1981 04 01   2177.3
1981 05 01   2191.3
1981 06 01   2212.2
1981 07 01   2261.1
1981 08 01   2282.0
1981 09 01   2294.1
1981 10 01   2310.0
1981 11 01   2321.8
1981 12 01   2323.4
1982 01 01   2338.7
1982 02 01   2351.8
1982 03 01   2360.9
1982 04 01   2384.4
1982 05 01   2390.8
1982 06 01   2393.1
1982 07 01   2431.5
1982 08 01   2437.8
1982 09 01   2443.5
1982 10 01   2456.2
1982 11 01   2474.0
1982 12 01   2489.7
1983 01 01   2505.8
1983 02 01   2511.0
1983 03 01   2526.1
1983 04 01   2542.5
1983 05 01   2558.7
1983 06 01   2566.6
1983 07 01   2613.6
1983 08 01   2623.8
1983 09 01   2648.1
1983 10 01   2674.9
1983 11 01   2701.1
1983 12 01   2725.9
1984 01 01   2756.7
1984 02 01   2792.3
1984 03 01   2819.5
1984 04 01   2851.1
1984 05 01   2859.3
1984 06 01   2885.1
1984 07 01   2904.4
1984 08 01   2935.3
1984 09 01   2957.5
1984 10 01   2955.7
1984 11 01   2976.5
1984 12 01   3004.1
1985 01 01   3018.6
1985 02 01   3003.8
1985 03 01   2987.0
1985 04 01   3054.6
1985 05 01   3131.7
1985 06 01   3070.5
1985 07 01   3076.4
1985 08 01   3082.2
1985 09 01   3099.4
1985 10 01   3123.7
1985 11 01   3139.3
1985 12 01   3164.8
1986 01 01   3182.1
1986 02 01   3199.9
1986 03 01   3226.8
1986 04 01   3229.7
1986 05 01   3241.2
1986 06 01   3253.2
1986 07 01   3271.4
1986 08 01   3280.2
1986 09 01   3295.6
1986 10 01   3299.4
1986 11 01   3311.4
1986 12 01   3314.6
1987 01 01   3350.2
1987 02 01   3377.8
1987 03 01   3391.0
1987 04 01   3268.9
1987 05 01   3409.6
1987 06 01   3419.1
1987 07 01   3437.8
1987 08 01   3466.8
1987 09 01   3479.8
1987 10 01   3516.8
1987 11 01   3536.0
1987 12 01   3570.0
1988 01 01   3588.9
1988 02 01   3614.6
1988 03 01   3644.7
1988 04 01   3669.6
1988 05 01   3685.8
1988 06 01   3714.4
1988 07 01   3745.5
1988 08 01   3762.7
1988 09 01   3784.6
1988 10 01   3814.8
1988 11 01   3826.2
1988 12 01   3863.8
1989 01 01   3904.5
1989 02 01   3921.2
1989 03 01   3950.1
1989 04 01   3955.6
1989 05 01   3952.6
1989 06 01   3974.3
1989 07 01   3994.9
1989 08 01   4005.2
1989 09 01   4024.7
1989 10 01   4057.2
1989 11 01   4071.5
1989 12 01   4084.7
1990 01 01   4136.7
1990 02 01   4168.6
1990 03 01   4186.7
1990 04 01   4224.4
1990 05 01   4228.9
1990 06 01   4256.8
1990 07 01   4281.0
1990 08 01   4286.9
1990 09 01   4313.7
1990 10 01   4307.0
1990 11 01   4317.3
1990 12 01   4340.2
1991 01 01   4348.6
1991 02 01   4362.9
1991 03 01   4375.9
1991 04 01   4399.5
1991 05 01   4417.6
1991 06 01   4449.2
1991 07 01   4444.6
1991 08 01   4461.4
1991 09 01   4489.5
1991 10 01   4505.0
1991 11 01   4519.2
1991 12 01   4565.1
1992 01 01   4605.8
1992 02 01   4639.7
1992 03 01   4656.9
1992 04 01   4680.3
1992 05 01   4704.6
1992 06 01   4720.9
1992 07 01   4739.2
1992 08 01   4766.4
1992 09 01   4764.8
1992 10 01   4793.3
1992 11 01   4805.0
1992 12 01   4963.8
1993 01 01   4803.8
1993 02 01   4807.1
1993 03 01   4806.8
1993 04 01   4895.1
1993 05 01   4918.1
1993 06 01   4912.0
1993 07 01   4928.9
1993 08 01   4939.9
1993 09 01   4939.8
1993 10 01   4962.8
1993 11 01   4989.2
1993 12 01   5155.9
1994 01 01   5014.4
1994 02 01   5028.1
1994 03 01   5064.6
1994 04 01   5087.5
1994 05 01   5174.4
1994 06 01   5184.6
1994 07 01   5203.3
1994 08 01   5226.8
1994 09 01   5256.9
1994 10 01   5311.3
1994 11 01   5318.4
1994 12 01   5341.5
1995 01 01   5370.5
1995 02 01   5386.1
1995 03 01   5405.0
1995 04 01   5374.1
1995 05 01   5432.0
1995 06 01   5451.2
1995 07 01   5467.1
1995 08 01   5480.5
1995 09 01   5500.5
1995 10 01   5520.0
1995 11 01   5537.3
1995 12 01   5559.7
1996 01 01   5580.2
1996 02 01   5637.0
1996 03 01   5675.1
1996 04 01   5659.8
1996 05 01   5744.5
1996 06 01   5780.6
1996 07 01   5778.9
1996 08 01   5800.4
1996 09 01   5831.4
1996 10 01   5849.2
1996 11 01   5875.7
1996 12 01   5902.7
1997 01 01   5929.4
1997 02 01   5958.0
1997 03 01   5989.9
1997 04 01   5997.3
1997 05 01   6018.4
1997 06 01   6044.0
1997 07 01   6071.6
1997 08 01   6108.1
1997 09 01   6138.5
1997 10 01   6174.5
1997 11 01   6214.4
1997 12 01   6250.8
1998 01 01   6316.4
1998 02 01   6357.9
1998 03 01   6398.4
1998 04 01   6428.1
1998 05 01   6464.4
1998 06 01   6497.8
1998 07 01   6526.5
1998 08 01   6558.0
1998 09 01   6575.1
1998 10 01   6600.8
1998 11 01   6625.5
1998 12 01   6638.5
1999 01 01   6673.4
1999 02 01   6688.4
1999 03 01   6700.3
1999 04 01   6720.9
1999 05 01   6738.7
1999 06 01   6763.0
1999 07 01   6787.9
1999 08 01   6827.6
1999 09 01   6844.3
1999 10 01   6899.0
1999 11 01   6958.7
1999 12 01   7037.6
2000 01 01   7118.4
2000 02 01   7180.8
2000 03 01   7225.6
2000 04 01   7248.4
2000 05 01   7277.4
2000 06 01   7315.6
2000 07 01   7366.3
2000 08 01   7398.8
2000 09 01   7436.6
2000 10 01   7443.9
2000 11 01   7444.4
2000 12 01   7469.9
2001 01 01   7540.7
2001 02 01   7562.9
2001 03 01   7580.6
2001 04 01   7567.7
2001 05 01   7572.1
2001 06 01   7590.5
2001 07 01   7706.0
2001 08 01   7843.9
2001 09 01   7763.3
2001 10 01   7663.5
2001 11 01   7683.5
2001 12 01   7706.7
2002 01 01   7887.2
2002 02 01   7908.1
2002 03 01   7934.4
2002 04 01   7991.9
2002 05 01   8014.9
2002 06 01   8039.5
2002 07 01   8023.8
2002 08 01   8024.8
2002 09 01   8036.2
2002 10 01   8059.9
2002 11 01   8080.9
2002 12 01   8114.6
2003 01 01   8134.0
2003 02 01   8166.3
2003 03 01   8219.3
2003 04 01   8255.7
2003 05 01   8312.0
2003 06 01   8341.2
2003 07 01   8442.8
2003 08 01   8521.8
2003 09 01   8455.9
2003 10 01   8508.5
2003 11 01   8571.6
2003 12 01   8604.4
2004 01 01   8634.3
2004 02 01   8665.6
2004 03 01   8711.5
2004 04 01   8764.1
2004 05 01   8834.6
2004 06 01   8863.5
2004 07 01   8894.3
2004 08 01   8946.4
2004 09 01   8962.4
2004 10 01   9015.3
2004 11 01   9026.5
2004 12 01   9354.6
2005 01 01   9050.4
2005 02 01   9075.2
2005 03 01   9097.3
2005 04 01   9147.9
2005 05 01   9192.0
2005 06 01   9243.3
2005 07 01   9306.4
2005 08 01   9354.3
2005 09 01   9399.7
2005 10 01   9444.1
2005 11 01   9486.2
2005 12 01   9530.9
2006 01 01   9651.8
2006 02 01   9708.5
2006 03 01   9755.3
2006 04 01   9821.7
2006 05 01   9853.2
2006 06 01   9916.4
2006 07 01   9939.3
2006 08 01   9985.8
2006 09 01  10022.5
2006 10 01  10061.1
2006 11 01  10097.4
2006 12 01  10175.2
2007 01 01  10198.2
2007 02 01  10252.9
2007 03 01  10315.3
2007 04 01  10340.2
2007 05 01  10363.9
2007 06 01  10371.7
2007 07 01  10413.6
2007 08 01  10436.9
2007 09 01  10520.2
2007 10 01  10558.5
2007 11 01  10614.7
2007 12 01  10697.0
2008 01 01  10822.3
2008 02 01  10880.7
2008 03 01  10935.7
2008 04 01  10913.2
2008 05 01  11482.6
2008 06 01  11264.1
2008 07 01  11147.5
2008 08 01  11047.4
2008 09 01  11048.7
2008 10 01  11006.6
2008 11 01  10929.8
2008 12 01  10815.4
2009 01 01  10847.0
2009 02 01  10746.3
2009 03 01  10705.7
2009 04 01  10763.0
2009 05 01  10923.9
2009 06 01  10784.3
2009 07 01  10743.5
2009 08 01  10747.1
2009 09 01  10770.0
2009 10 01  10753.3
2009 11 01  10805.9
2009 12 01  10875.9
2010 01 01  10958.0
2010 02 01  10983.3
2010 03 01  11032.6
2010 04 01  11108.1
2010 05 01  11166.0
2010 06 01  11176.6
2010 07 01  11208.5
2010 08 01  11258.5
2010 09 01  11254.2
2010 10 01  11310.9
2010 11 01  11321.9
2010 12 01  11377.3
2011 01 01  11427.5
2011 02 01  11483.5
2011 03 01  11532.1
2011 04 01  11550.8
2011 05 01  11559.7
2011 06 01  11566.9
2011 07 01  11624.6
2011 08 01  11643.1
2011 09 01  11675.4
2011 10 01  11685.3
2011 11 01  11668.9
2011 12 01  11704.7
2012 01 01  11729.5
2012 02 01  11765.5
2012 03 01  11811.4
