year mon day pce
1959 01 01    306.7
1959 02 01    310.2
1959 03 01    313.3
1959 04 01    312.8
1959 05 01    316.7
1959 06 01    318.8
1959 07 01    318.3
1959 08 01    320.7
1959 09 01    324.8
1959 10 01    323.3
1959 11 01    323.4
1959 12 01    323.4
1960 01 01    324.2
1960 02 01    325.9
1960 03 01    330.7
1960 04 01    337.1
1960 05 01    330.6
1960 06 01    330.7
1960 07 01    332.0
1960 08 01    332.2
1960 09 01    334.0
1960 10 01    336.0
1960 11 01    336.0
1960 12 01    332.0
1961 01 01    332.9
1961 02 01    334.4
1961 03 01    338.4
1961 04 01    338.3
1961 05 01    340.6
1961 06 01    341.6
1961 07 01    341.3
1961 08 01    342.8
1961 09 01    345.1
1961 10 01    347.2
1961 11 01    350.6
1961 12 01    353.1
1962 01 01    353.9
1962 02 01    354.7
1962 03 01    358.1
1962 04 01    359.8
1962 05 01    362.8
1962 06 01    361.2
1962 07 01    362.1
1962 08 01    363.7
1962 09 01    369.5
1962 10 01    367.3
1962 11 01    372.5
1962 12 01    374.4
1963 01 01    375.1
1963 02 01    374.1
1963 03 01    375.7
1963 04 01    377.0
1963 05 01    377.9
1963 06 01    382.4
1963 07 01    385.1
1963 08 01    387.0
1963 09 01    386.2
1963 10 01    386.7
1963 11 01    390.1
1963 12 01    395.4
1964 01 01    397.5
1964 02 01    401.0
1964 03 01    402.6
1964 04 01    403.6
1964 05 01    409.2
1964 06 01    412.2
1964 07 01    415.7
1964 08 01    418.6
1964 09 01    417.5
1964 10 01    420.4
1964 11 01    417.2
1964 12 01    421.8
1965 01 01    425.3
1965 02 01    432.2
1965 03 01    434.1
1965 04 01    437.9
1965 05 01    438.5
1965 06 01    436.1
1965 07 01    441.9
1965 08 01    445.2
1965 09 01    452.9
1965 10 01    459.3
1965 11 01    459.9
1965 12 01    462.5
1966 01 01    466.0
1966 02 01    471.1
1966 03 01    475.9
1966 04 01    477.9
1966 05 01    474.0
1966 06 01    476.5
1966 07 01    481.5
1966 08 01    484.2
1966 09 01    490.2
1966 10 01    489.3
1966 11 01    491.1
1966 12 01    492.9
1967 01 01    495.3
1967 02 01    494.0
1967 03 01    496.9
1967 04 01    502.4
1967 05 01    503.3
1967 06 01    507.9
1967 07 01    507.8
1967 08 01    510.9
1967 09 01    516.7
1967 10 01    513.3
1967 11 01    518.5
1967 12 01    526.2
1968 01 01    532.0
1968 02 01    534.7
1968 03 01    545.4
1968 04 01    545.1
1968 05 01    550.9
1968 06 01    557.4
1968 07 01    564.3
1968 08 01    568.2
1968 09 01    569.4
1968 10 01    572.9
1968 11 01    578.0
1968 12 01    577.8
1969 01 01    584.9
1969 02 01    590.1
1969 03 01    590.3
1969 04 01    595.3
1969 05 01    601.7
1969 06 01    602.3
1969 07 01    604.2
1969 08 01    611.4
1969 09 01    614.8
1969 10 01    620.1
1969 11 01    622.0
1969 12 01    624.3
1970 01 01    630.2
1970 02 01    635.5
1970 03 01    633.9
1970 04 01    637.6
1970 05 01    644.0
1970 06 01    647.9
1970 07 01    650.1
1970 08 01    654.5
1970 09 01    660.7
1970 10 01    659.9
1970 11 01    658.2
1970 12 01    667.2
1971 01 01    677.8
1971 02 01    681.0
1971 03 01    683.6
1971 04 01    690.4
1971 05 01    692.8
1971 06 01    701.4
1971 07 01    700.5
1971 08 01    706.6
1971 09 01    714.7
1971 10 01    717.6
1971 11 01    722.7
1971 12 01    730.2
1972 01 01    733.4
1972 02 01    738.1
1972 03 01    751.2
1972 04 01    754.5
1972 05 01    760.0
1972 06 01    763.7
1972 07 01    772.0
1972 08 01    778.5
1972 09 01    783.3
1972 10 01    797.1
1972 11 01    802.7
1972 12 01    808.3
1973 01 01    818.7
1973 02 01    828.1
1973 03 01    835.1
1973 04 01    838.1
1973 05 01    844.0
1973 06 01    846.7
1973 07 01    856.6
1973 08 01    855.7
1973 09 01    871.8
1973 10 01    870.7
1973 11 01    879.5
1973 12 01    879.3
1974 01 01    887.3
1974 02 01    892.5
1974 03 01    904.2
1974 04 01    913.6
1974 05 01    925.2
1974 06 01    930.8
1974 07 01    940.7
1974 08 01    957.5
1974 09 01    957.8
1974 10 01    962.0
1974 11 01    958.9
1974 12 01    964.6
1975 01 01    978.4
1975 02 01    992.3
1975 03 01    993.6
1975 04 01    998.2
1975 05 01   1022.2
1975 06 01   1030.1
1975 07 01   1043.2
1975 08 01   1050.4
1975 09 01   1058.3
1975 10 01   1064.2
1975 11 01   1079.1
1975 12 01   1095.4
1976 01 01   1110.6
1976 02 01   1111.2
1976 03 01   1118.4
1976 04 01   1128.9
1976 05 01   1126.2
1976 06 01   1144.0
1976 07 01   1153.1
1976 08 01   1161.6
1976 09 01   1172.5
1976 10 01   1180.6
1976 11 01   1192.8
1976 12 01   1215.2
1977 01 01   1218.5
1977 02 01   1234.7
1977 03 01   1241.8
1977 04 01   1250.8
1977 05 01   1260.8
1977 06 01   1267.4
1977 07 01   1284.4
1977 08 01   1289.7
1977 09 01   1298.6
1977 10 01   1315.5
1977 11 01   1331.3
1977 12 01   1340.5
1978 01 01   1334.3
1978 02 01   1360.2
1978 03 01   1382.7
1978 04 01   1401.6
1978 05 01   1417.3
1978 06 01   1431.2
1978 07 01   1432.3
1978 08 01   1452.5
1978 09 01   1458.5
1978 10 01   1472.6
1978 11 01   1486.2
1978 12 01   1502.1
1979 01 01   1507.9
1979 02 01   1523.2
1979 03 01   1536.6
1979 04 01   1543.9
1979 05 01   1564.4
1979 06 01   1581.3
1979 07 01   1591.8
1979 08 01   1621.4
1979 09 01   1639.8
1979 10 01   1647.7
1979 11 01   1663.4
1979 12 01   1672.4
1980 01 01   1703.2
1980 02 01   1707.0
1980 03 01   1713.7
1980 04 01   1700.7
1980 05 01   1705.4
1980 06 01   1724.1
1980 07 01   1752.2
1980 08 01   1768.7
1980 09 01   1785.2
1980 10 01   1821.6
1980 11 01   1831.4
1980 12 01   1856.8
1981 01 01   1876.2
1981 02 01   1891.0
1981 03 01   1909.9
1981 04 01   1911.1
1981 05 01   1920.2
1981 06 01   1940.6
1981 07 01   1947.9
1981 08 01   1972.0
1981 09 01   1970.4
1981 10 01   1968.3
1981 11 01   1974.5
1981 12 01   1991.9
1982 01 01   1999.3
1982 02 01   2023.1
1982 03 01   2026.1
1982 04 01   2028.8
1982 05 01   2047.5
1982 06 01   2051.7
1982 07 01   2076.6
1982 08 01   2085.2
1982 09 01   2110.3
1982 10 01   2132.1
1982 11 01   2156.2
1982 12 01   2169.0
1983 01 01   2181.8
1983 02 01   2184.7
1983 03 01   2210.3
1983 04 01   2233.5
1983 05 01   2252.8
1983 06 01   2282.8
1983 07 01   2311.2
1983 08 01   2327.1
1983 09 01   2341.3
1983 10 01   2364.1
1983 11 01   2372.9
1983 12 01   2400.5
1984 01 01   2426.4
1984 02 01   2410.8
1984 03 01   2439.2
1984 04 01   2465.5
1984 05 01   2482.7
1984 06 01   2504.2
1984 07 01   2503.5
1984 08 01   2521.4
1984 09 01   2543.3
1984 10 01   2541.2
1984 11 01   2581.6
1984 12 01   2593.0
1985 01 01   2627.3
1985 02 01   2648.0
1985 03 01   2655.0
1985 04 01   2666.2
1985 05 01   2702.3
1985 06 01   2693.7
1985 07 01   2717.8
1985 08 01   2753.3
1985 09 01   2796.4
1985 10 01   2759.4
1985 11 01   2775.8
1985 12 01   2816.0
1986 01 01   2830.5
1986 02 01   2823.5
1986 03 01   2827.7
1986 04 01   2841.0
1986 05 01   2865.1
1986 06 01   2871.4
1986 07 01   2893.1
1986 08 01   2912.2
1986 09 01   2986.6
1986 10 01   2948.6
1986 11 01   2945.4
1986 12 01   3015.8
1987 01 01   2956.5
1987 02 01   3023.5
1987 03 01   3034.3
1987 04 01   3057.7
1987 05 01   3066.6
1987 06 01   3091.3
1987 07 01   3114.7
1987 08 01   3151.9
1987 09 01   3148.2
1987 10 01   3156.5
1987 11 01   3166.3
1987 12 01   3196.1
1988 01 01   3235.4
1988 02 01   3243.0
1988 03 01   3282.1
1988 04 01   3284.8
1988 05 01   3315.1
1988 06 01   3339.1
1988 07 01   3361.8
1988 08 01   3386.3
1988 09 01   3393.1
1988 10 01   3432.4
1988 11 01   3449.1
1988 12 01   3478.4
1989 01 01   3501.9
1989 02 01   3505.6
1989 03 01   3515.7
1989 04 01   3559.5
1989 05 01   3567.8
1989 06 01   3582.7
1989 07 01   3602.3
1989 08 01   3637.9
1989 09 01   3640.1
1989 10 01   3653.0
1989 11 01   3663.3
1989 12 01   3704.2
1990 01 01   3750.4
1990 02 01   3748.5
1990 03 01   3777.2
1990 04 01   3796.3
1990 05 01   3804.7
1990 06 01   3834.5
1990 07 01   3850.9
1990 08 01   3876.8
1990 09 01   3897.9
1990 10 01   3897.5
1990 11 01   3899.5
1990 12 01   3891.1
1991 01 01   3875.0
1991 02 01   3903.4
1991 03 01   3950.8
1991 04 01   3944.0
1991 05 01   3969.6
1991 06 01   3976.3
1991 07 01   4001.2
1991 08 01   4004.3
1991 09 01   4020.6
1991 10 01   4013.5
1991 11 01   4042.2
1991 12 01   4060.0
1992 01 01   4124.7
1992 02 01   4139.5
1992 03 01   4156.3
1992 04 01   4169.3
1992 05 01   4195.9
1992 06 01   4215.3
1992 07 01   4244.9
1992 08 01   4261.8
1992 09 01   4296.2
1992 10 01   4324.8
1992 11 01   4339.6
1992 12 01   4374.4
1993 01 01   4377.0
1993 02 01   4390.6
1993 03 01   4387.1
1993 04 01   4428.0
1993 05 01   4456.1
1993 06 01   4472.2
1993 07 01   4499.1
1993 08 01   4510.0
1993 09 01   4539.7
1993 10 01   4560.8
1993 11 01   4582.3
1993 12 01   4600.0
1994 01 01   4614.9
1994 02 01   4662.2
1994 03 01   4674.1
1994 04 01   4697.2
1994 05 01   4695.5
1994 06 01   4736.8
1994 07 01   4752.7
1994 08 01   4796.9
1994 09 01   4809.3
1994 10 01   4844.6
1994 11 01   4855.4
1994 12 01   4870.1
1995 01 01   4878.4
1995 02 01   4877.0
1995 03 01   4910.6
1995 04 01   4914.5
1995 05 01   4956.8
1995 06 01   5001.2
1995 07 01   4994.2
1995 08 01   5029.6
1995 09 01   5044.9
1995 10 01   5038.1
1995 11 01   5079.9
1995 12 01   5122.2
1996 01 01   5111.1
1996 02 01   5158.7
1996 03 01   5199.7
1996 04 01   5235.6
1996 05 01   5251.9
1996 06 01   5258.9
1996 07 01   5281.4
1996 08 01   5305.1
1996 09 01   5326.8
1996 10 01   5359.2
1996 11 01   5383.6
1996 12 01   5411.3
1997 01 01   5445.2
1997 02 01   5468.3
1997 03 01   5487.7
1997 04 01   5491.9
1997 05 01   5493.0
1997 06 01   5527.0
1997 07 01   5582.5
1997 08 01   5621.7
1997 09 01   5635.8
1997 10 01   5671.5
1997 11 01   5695.7
1997 12 01   5727.2
1998 01 01   5725.6
1998 02 01   5760.0
1998 03 01   5786.9
1998 04 01   5825.1
1998 05 01   5875.7
1998 06 01   5909.9
1998 07 01   5928.9
1998 08 01   5965.9
1998 09 01   6009.3
1998 10 01   6046.9
1998 11 01   6065.9
1998 12 01   6121.9
1999 01 01   6125.5
1999 02 01   6155.6
1999 03 01   6191.2
1999 04 01   6258.0
1999 05 01   6290.8
1999 06 01   6321.0
1999 07 01   6351.8
1999 08 01   6396.9
1999 09 01   6447.9
1999 10 01   6467.7
1999 11 01   6503.7
1999 12 01   6603.1
2000 01 01   6602.8
2000 02 01   6689.2
2000 03 01   6757.0
2000 04 01   6740.1
2000 05 01   6775.6
2000 06 01   6811.2
2000 07 01   6832.2
2000 08 01   6864.7
2000 09 01   6948.3
2000 10 01   6955.4
2000 11 01   6970.7
2000 12 01   7017.2
2001 01 01   7047.7
2001 02 01   7066.5
2001 03 01   7060.1
2001 04 01   7079.9
2001 05 01   7130.8
2001 06 01   7145.3
2001 07 01   7156.5
2001 08 01   7195.8
2001 09 01   7101.4
2001 10 01   7298.6
2001 11 01   7259.9
2001 12 01   7243.0
2002 01 01   7275.0
2002 02 01   7316.7
2002 03 01   7335.2
2002 04 01   7402.9
2002 05 01   7380.6
2002 06 01   7426.7
2002 07 01   7484.4
2002 08 01   7507.3
2002 09 01   7481.9
2002 10 01   7517.6
2002 11 01   7543.9
2002 12 01   7598.1
2003 01 01   7629.7
2003 02 01   7629.8
2003 03 01   7678.2
2003 04 01   7705.6
2003 05 01   7717.1
2003 06 01   7759.4
2003 07 01   7821.2
2003 08 01   7915.5
2003 09 01   7909.2
2003 10 01   7921.3
2003 11 01   7968.1
2003 12 01   7994.3
2004 01 01   8065.9
2004 02 01   8096.5
2004 03 01   8131.7
2004 04 01   8147.1
2004 05 01   8221.7
2004 06 01   8212.9
2004 07 01   8277.3
2004 08 01   8298.4
2004 09 01   8373.7
2004 10 01   8424.1
2004 11 01   8468.6
2004 12 01   8528.7
2005 01 01   8542.4
2005 02 01   8591.2
2005 03 01   8642.2
2005 04 01   8726.2
2005 05 01   8685.3
2005 06 01   8779.5
2005 07 01   8871.0
2005 08 01   8879.6
2005 09 01   8936.8
2005 10 01   8970.5
2005 11 01   8992.5
2005 12 01   9025.2
2006 01 01   9098.1
2006 02 01   9123.0
2006 03 01   9157.3
2006 04 01   9220.6
2006 05 01   9248.3
2006 06 01   9278.9
2006 07 01   9357.4
2006 08 01   9368.2
2006 09 01   9389.6
2006 10 01   9412.4
2006 11 01   9433.3
2006 12 01   9524.8
2007 01 01   9561.4
2007 02 01   9600.5
2007 03 01   9643.3
2007 04 01   9688.8
2007 05 01   9730.8
2007 06 01   9743.2
2007 07 01   9775.4
2007 08 01   9815.5
2007 09 01   9862.2
2007 10 01   9885.0
2007 11 01   9957.9
2007 12 01  10003.2
2008 01 01  10014.5
2008 02 01   9997.2
2008 03 01  10043.8
2008 04 01  10081.5
2008 05 01  10121.7
2008 06 01  10176.2
2008 07 01  10171.0
2008 08 01  10143.8
2008 09 01  10092.5
2008 10 01   9992.2
2008 11 01   9847.0
2008 12 01   9744.8
2009 01 01   9798.5
2009 02 01   9796.2
2009 03 01   9750.5
2009 04 01   9750.3
2009 05 01   9772.6
2009 06 01   9822.0
2009 07 01   9856.1
2009 08 01   9974.9
2009 09 01   9902.3
2009 10 01   9958.0
2009 11 01   9977.5
2009 12 01  10034.6
2010 01 01  10054.6
2010 02 01  10098.8
2010 03 01  10157.6
2010 04 01  10169.1
2010 05 01  10194.6
2010 06 01  10190.6
2010 07 01  10227.9
2010 08 01  10286.3
2010 09 01  10315.6
2010 10 01  10377.4
2010 11 01  10417.7
2010 12 01  10456.1
2011 01 01  10498.0
2011 02 01  10577.7
2011 03 01  10639.2
2011 04 01  10669.6
2011 05 01  10690.1
2011 06 01  10668.4
2011 07 01  10749.4
2011 08 01  10763.4
2011 09 01  10840.6
2011 10 01  10861.7
2011 11 01  10867.0
2011 12 01  10886.2
2012 01 01  10942.2
2012 02 01  11035.9
2012 03 01  11065.5
