year mon day men
1948 01 01   49821
1948 02 01   49866
1948 03 01   49890
1948 04 01   49911
1948 05 01   49949
1948 06 01   49962
1948 07 01   50092
1948 08 01   50082
1948 09 01   50080
1948 10 01   50093
1948 11 01   50108
1948 12 01   50104
1949 01 01   50123
1949 02 01   50109
1949 03 01   50164
1949 04 01   50194
1949 05 01   50251
1949 06 01   50289
1949 07 01   50350
1949 08 01   50378
1949 09 01   50428
1949 10 01   50487
1949 11 01   50530
1949 12 01   50576
1950 01 01   50630
1950 02 01   50701
1950 03 01   50759
1950 04 01   50808
1950 05 01   50841
1950 06 01   50886
1950 07 01   50924
1950 08 01   50928
1950 09 01   50858
1950 10 01   50625
1950 11 01   50453
1950 12 01   50298
1951 01 01   50224
1951 02 01   49944
1951 03 01   49910
1951 04 01   49778
1951 05 01   49682
1951 06 01   49631
1951 07 01   49592
1951 08 01   49568
1951 09 01   49566
1951 10 01   49610
1951 11 01   49602
1951 12 01   49618
1952 01 01   49622
1952 02 01   49576
1952 03 01   49520
1952 04 01   49520
1952 05 01   49558
1952 06 01   49622
1952 07 01   49694
1952 08 01   49740
1952 09 01   49772
1952 10 01   49869
1952 11 01   49928
1952 12 01   49980
1953 01 01   50557
1953 02 01   50591
1953 03 01   50616
1953 04 01   50658
1953 05 01   50692
1953 06 01   50708
1953 07 01   50714
1953 08 01   50758
1953 09 01   50820
1953 10 01   50893
1953 11 01   50961
1953 12 01   51035
1954 01 01   51112
1954 02 01   51183
1954 03 01   51240
1954 04 01   51284
1954 05 01   51333
1954 06 01   51372
1954 07 01   51405
1954 08 01   51445
1954 09 01   51498
1954 10 01   51561
1954 11 01   51633
1954 12 01   51674
1955 01 01   51792
1955 02 01   51785
1955 03 01   51884
1955 04 01   51963
1955 05 01   52058
1955 06 01   52133
1955 07 01   52180
1955 08 01   52212
1955 09 01   52252
1955 10 01   52307
1955 11 01   52344
1955 12 01   52401
1956 01 01   52456
1956 02 01   52496
1956 03 01   52549
1956 04 01   52582
1956 05 01   52657
1956 06 01   52707
1956 07 01   52765
1956 08 01   52793
1956 09 01   52854
1956 10 01   52905
1956 11 01   52945
1956 12 01   52984
1957 01 01   53028
1957 02 01   53064
1957 03 01   53111
1957 04 01   53154
1957 05 01   53195
1957 06 01   53255
1957 07 01   53328
1957 08 01   53365
1957 09 01   53435
1957 10 01   53521
1957 11 01   53624
1957 12 01   53705
1958 01 01   53778
1958 02 01   53819
1958 03 01   53861
1958 04 01   53886
1958 05 01   53946
1958 06 01   53998
1958 07 01   54030
1958 08 01   54075
1958 09 01   54144
1958 10 01   54221
1958 11 01   54288
1958 12 01   54359
1959 01 01   54439
1959 02 01   54500
1959 03 01   54568
1959 04 01   54633
1959 05 01   54714
1959 06 01   54785
1959 07 01   54850
1959 08 01   54906
1959 09 01   54947
1959 10 01   55006
1959 11 01   55058
1959 12 01   55112
1960 01 01   55382
1960 02 01   55428
1960 03 01   55482
1960 04 01   55512
1960 05 01   55573
1960 06 01   55637
1960 07 01   55679
1960 08 01   55759
1960 09 01   55780
1960 10 01   55830
1960 11 01   55905
1960 12 01   55980
1961 01 01   56048
1961 02 01   56081
1961 03 01   56128
1961 04 01   56197
1961 05 01   56261
1961 06 01   56319
1961 07 01   56369
1961 08 01   56414
1961 09 01   56446
1961 10 01   56469
1961 11 01   56353
1961 12 01   56349
1962 01 01   56377
1962 02 01   56368
1962 03 01   56416
1962 04 01   56640
1962 05 01   56691
1962 06 01   56757
1962 07 01   56816
1962 08 01   56903
1962 09 01   57120
1962 10 01   57214
1962 11 01   57294
1962 12 01   57376
1963 01 01   57503
1963 02 01   57576
1963 03 01   57659
1963 04 01   57729
1963 05 01   57814
1963 06 01   57901
1963 07 01   57968
1963 08 01   58026
1963 09 01   58090
1963 10 01   58182
1963 11 01   58266
1963 12 01   58342
1964 01 01   58442
1964 02 01   58499
1964 03 01   58561
1964 04 01   58631
1964 05 01   58715
1964 06 01   58800
1964 07 01   58883
1964 08 01   58952
1964 09 01   59043
1964 10 01   59132
1964 11 01   59217
1964 12 01   59299
1965 01 01   59392
1965 02 01   59464
1965 03 01   59543
1965 04 01   59627
1965 05 01   59701
1965 06 01   59784
1965 07 01   59835
1965 08 01   59919
1965 09 01   59972
1965 10 01   60013
1965 11 01   60053
1965 12 01   60083
1966 01 01   60100
1966 02 01   60135
1966 03 01   60155
1966 04 01   60187
1966 05 01   60227
1966 06 01   60242
1966 07 01   60273
1966 08 01   60310
1966 09 01   60334
1966 10 01   60368
1966 11 01   60405
1966 12 01   60414
1967 01 01   60497
1967 02 01   60532
1967 03 01   60593
1967 04 01   60654
1967 05 01   60725
1967 06 01   60824
1967 07 01   60909
1967 08 01   61052
1967 09 01   61147
1967 10 01   61234
1967 11 01   61306
1967 12 01   61389
1968 01 01   61472
1968 02 01   61543
1968 03 01   61590
1968 04 01   61643
1968 05 01   61701
1968 06 01   61757
1968 07 01   61831
1968 08 01   61921
1968 09 01   62010
1968 10 01   62081
1968 11 01   62258
1968 12 01   62368
1969 01 01   62472
1969 02 01   62532
1969 03 01   62597
1969 04 01   62675
1969 05 01   62758
1969 06 01   62841
1969 07 01   62914
1969 08 01   62992
1969 09 01   63065
1969 10 01   63183
1969 11 01   63303
1969 12 01   63444
1970 01 01   63571
1970 02 01   63706
1970 03 01   63821
1970 04 01   63951
1970 05 01   64097
1970 06 01   64230
1970 07 01   64367
1970 08 01   64502
1970 09 01   64635
1970 10 01   64777
1970 11 01   64925
1970 12 01   65062
1971 01 01   65202
1971 02 01   65317
1971 03 01   65451
1971 04 01   65606
1971 05 01   65741
1971 06 01   65881
1971 07 01   66008
1971 08 01   66141
1971 09 01   66281
1971 10 01   66427
1971 11 01   66552
1971 12 01   66698
1972 01 01   67112
1972 02 01   67269
1972 03 01   67404
1972 04 01   67525
1972 05 01   67676
1972 06 01   67820
1972 07 01   67941
1972 08 01   68048
1972 09 01   68155
1972 10 01   68258
1972 11 01   68353
1972 12 01   68457
1973 01 01   68603
1973 02 01   68710
1973 03 01   68865
1973 04 01   68975
1973 05 01   69105
1973 06 01   69241
1973 07 01   69361
1973 08 01   69475
1973 09 01   69607
1973 10 01   69726
1973 11 01   69840
1973 12 01   69999
1974 01 01   70141
1974 02 01   70246
1974 03 01   70367
1974 04 01   70490
1974 05 01   70625
1974 06 01   70755
1974 07 01   70862
1974 08 01   70983
1974 09 01   71131
1974 10 01   71254
1974 11 01   71369
1974 12 01   71479
1975 01 01   71617
1975 02 01   71723
1975 03 01   71828
1975 04 01   71941
1975 05 01   72069
1975 06 01   72200
1975 07 01   72348
1975 08 01   72486
1975 09 01   72645
1975 10 01   72759
1975 11 01   72884
1975 12 01   73001
1976 01 01   73138
1976 02 01   73232
1976 03 01   73346
1976 04 01   73456
1976 05 01   73567
1976 06 01   73697
1976 07 01   73813
1976 08 01   73932
1976 09 01   74054
1976 10 01   74169
1976 11 01   74282
1976 12 01   74425
1977 01 01   74548
1977 02 01   74653
1977 03 01   74756
1977 04 01   74872
1977 05 01   75012
1977 06 01   75146
1977 07 01   75267
1977 08 01   75382
1977 09 01   75505
1977 10 01   75619
1977 11 01   75720
1977 12 01   75838
1978 01 01   75952
1978 02 01   76049
1978 03 01   76150
1978 04 01   76259
1978 05 01   76382
1978 06 01   76526
1978 07 01   76634
1978 08 01   76741
1978 09 01   76857
1978 10 01   77008
1978 11 01   77120
1978 12 01   77244
1979 01 01   77365
1979 02 01   77463
1979 03 01   77612
1979 04 01   77682
1979 05 01   77825
1979 06 01   77951
1979 07 01   78072
1979 08 01   78183
1979 09 01   78294
1979 10 01   78482
1979 11 01   78595
1979 12 01   78717
1980 01 01   78833
1980 02 01   78928
1980 03 01   79040
1980 04 01   79140
1980 05 01   79241
1980 06 01   79353
1980 07 01   79490
1980 08 01   79565
1980 09 01   79654
1980 10 01   79755
1980 11 01   79844
1980 12 01   79928
1981 01 01   80029
1981 02 01   80112
1981 03 01   80193
1981 04 01   80280
1981 05 01   80371
1981 06 01   80475
1981 07 01   80569
1981 08 01   80633
1981 09 01   80724
1981 10 01   80831
1981 11 01   80921
1981 12 01   80999
1982 01 01   81079
1982 02 01   81146
1982 03 01   81231
1982 04 01   81315
1982 05 01   81402
1982 06 01   81480
1982 07 01   81560
1982 08 01   81622
1982 09 01   81705
1982 10 01   81799
1982 11 01   81886
1982 12 01   82052
1983 01 01   82121
1983 02 01   82192
1983 03 01   82261
1983 04 01   82326
1983 05 01   82403
1983 06 01   82489
1983 07 01   82578
1983 08 01   82635
1983 09 01   82712
1983 10 01   82801
1983 11 01   82889
1983 12 01   82969
1984 01 01   83203
1984 02 01   83271
1984 03 01   83338
1984 04 01   83405
1984 05 01   83479
1984 06 01   83556
1984 07 01   83628
1984 08 01   83694
1984 09 01   83781
1984 10 01   83882
1984 11 01   83971
1984 12 01   84057
1985 01 01   84080
1985 02 01   84138
1985 03 01   84211
1985 04 01   84274
1985 05 01   84342
1985 06 01   84418
1985 07 01   84498
1985 08 01   84558
1985 09 01   84637
1985 10 01   84742
1985 11 01   84822
1985 12 01   84910
1986 01 01   85343
1986 02 01   85415
1986 03 01   85495
1986 04 01   85579
1986 05 01   85662
1986 06 01   85763
1986 07 01   85855
1986 08 01   85919
1986 09 01   85996
1986 10 01   86092
1986 11 01   86181
1986 12 01   86275
1987 01 01   86429
1987 02 01   86515
1987 03 01   86611
1987 04 01   86696
1987 05 01   86795
1987 06 01   86883
1987 07 01   86973
1987 08 01   87023
1987 09 01   87102
1987 10 01   87176
1987 11 01   87256
1987 12 01   87335
1988 01 01   87445
1988 02 01   87522
1988 03 01   87595
1988 04 01   87656
1988 05 01   87734
1988 06 01   87844
1988 07 01   87933
1988 08 01   87975
1988 09 01   88037
1988 10 01   88111
1988 11 01   88174
1988 12 01   88258
1989 01 01   88382
1989 02 01   88452
1989 03 01   88511
1989 04 01   88573
1989 05 01   88656
1989 06 01   88736
1989 07 01   88816
1989 08 01   88865
1989 09 01   88925
1989 10 01   89002
1989 11 01   89077
1989 12 01   89153
1990 01 01   89986
1990 02 01   90039
1990 03 01   90098
1990 04 01   90181
1990 05 01   90254
1990 06 01   90332
1990 07 01   90394
1990 08 01   90467
1990 09 01   90565
1990 10 01   90658
1990 11 01   90739
1990 12 01   90812
1991 01 01   90888
1991 02 01   90940
1991 03 01   90994
1991 04 01   91063
1991 05 01   91133
1991 06 01   91213
1991 07 01   91285
1991 08 01   91372
1991 09 01   91472
1991 10 01   91579
1991 11 01   91664
1991 12 01   91739
1992 01 01   91822
1992 02 01   91882
1992 03 01   91955
1992 04 01   92035
1992 05 01   92113
1992 06 01   92196
1992 07 01   92278
1992 08 01   92377
1992 09 01   92490
1992 10 01   92606
1992 11 01   92700
1992 12 01   92783
1993 01 01   92878
1993 02 01   92956
1993 03 01   93030
1993 04 01   93108
1993 05 01   93187
1993 06 01   93274
1993 07 01   93353
1993 08 01   93442
1993 09 01   93545
1993 10 01   93642
1993 11 01   93737
1993 12 01   93826
1994 01 01   93909
1994 02 01   93982
1994 03 01   94042
1994 04 01   94119
1994 05 01   94196
1994 06 01   94294
1994 07 01   94377
1994 08 01   94469
1994 09 01   94576
1994 10 01   94671
1994 11 01   94768
1994 12 01   94851
1995 01 01   94749
1995 02 01   94818
1995 03 01   94879
1995 04 01   94952
1995 05 01   95024
1995 06 01   95110
1995 07 01   95191
1995 08 01   95287
1995 09 01   95397
1995 10 01   95492
1995 11 01   95580
1995 12 01   95661
1996 01 01   95713
1996 02 01   95786
1996 03 01   95864
1996 04 01   95955
1996 05 01   96048
1996 06 01   96140
1996 07 01   96230
1996 08 01   96335
1996 09 01   96447
1996 10 01   96556
1996 11 01   96654
1996 12 01   96742
1997 01 01   97264
1997 02 01   97320
1997 03 01   97387
1997 04 01   97474
1997 05 01   97559
1997 06 01   97649
1997 07 01   97733
1997 08 01   97838
1997 09 01   97946
1997 10 01   98050
1997 11 01   98141
1997 12 01   98225
1998 01 01   98241
1998 02 01   98331
1998 03 01   98405
1998 04 01   98503
1998 05 01   98591
1998 06 01   98691
1998 07 01   98785
1998 08 01   98892
1998 09 01   99006
1998 10 01   99121
1998 11 01   99217
1998 12 01   99309
1999 01 01   99198
1999 02 01   99279
1999 03 01   99362
1999 04 01   99465
1999 05 01   99563
1999 06 01   99668
1999 07 01   99761
1999 08 01   99863
1999 09 01   99976
1999 10 01  100088
1999 11 01  100179
1999 12 01  100264
2000 01 01  101336
2000 02 01  101424
2000 03 01  101531
2000 04 01  101667
2000 05 01  101791
2000 06 01  101909
2000 07 01  102010
2000 08 01  102134
2000 09 01  102264
2000 10 01  102392
2000 11 01  102566
2000 12 01  102546
2001 01 01  102616
2001 02 01  102753
2001 03 01  102865
2001 04 01  102991
2001 05 01  103101
2001 06 01  103214
2001 07 01  103334
2001 08 01  103459
2001 09 01  103586
2001 10 01  103710
2001 11 01  103823
2001 12 01  103928
2002 01 01  104030
2002 02 01  104114
2002 03 01  104198
2002 04 01  104293
2002 05 01  104393
2002 06 01  104501
2002 07 01  104616
2002 08 01  104738
2002 09 01  104863
2002 10 01  104985
2002 11 01  105094
2002 12 01  105195
2003 01 01  105767
2003 02 01  105895
2003 03 01  106005
2003 04 01  106123
2003 05 01  106238
2003 06 01  106362
2003 07 01  106475
2003 08 01  106604
2003 09 01  106744
2003 10 01  106879
2003 11 01  107003
2003 12 01  107123
2004 01 01  107072
2004 02 01  107177
2004 03 01  107281
2004 04 01  107392
2004 05 01  107504
2004 06 01  107625
2004 07 01  107746
2004 08 01  107881
2004 09 01  108020
2004 10 01  108153
2004 11 01  108276
2004 12 01  108392
2005 01 01  108489
2005 02 01  108598
2005 03 01  108703
2005 04 01  108812
2005 05 01  108934
2005 06 01  109062
2005 07 01  109190
2005 08 01  109332
2005 09 01  109475
2005 10 01  109616
2005 11 01  109745
2005 12 01  109863
2006 01 01  109936
2006 02 01  110048
2006 03 01  110161
2006 04 01  110280
2006 05 01  110401
2006 06 01  110530
2006 07 01  110657
2006 08 01  110792
2006 09 01  110925
2006 10 01  111059
2006 11 01  111180
2006 12 01  111288
2007 01 01  111528
2007 02 01  111627
2007 03 01  111733
2007 04 01  111849
2007 05 01  111970
2007 06 01  112093
2007 07 01  112222
2007 08 01  112354
2007 09 01  112486
2007 10 01  112619
2007 11 01  112737
2007 12 01  112852
2008 01 01  112493
2008 02 01  112596
2008 03 01  112695
2008 04 01  112803
2008 05 01  112912
2008 06 01  113029
2008 07 01  113154
2008 08 01  113281
2008 09 01  113414
2008 10 01  113546
2008 11 01  113660
2008 12 01  113769
2009 01 01  113573
2009 02 01  113666
2009 03 01  113758
2009 04 01  113857
2009 05 01  113953
2009 06 01  114060
2009 07 01  114173
2009 08 01  114288
2009 09 01  114411
2009 10 01  114530
2009 11 01  114632
2009 12 01  114728
2010 01 01  114648
2010 02 01  114735
2010 03 01  114821
2010 04 01  114910
2010 05 01  115001
2010 06 01  115102
2010 07 01  115207
2010 08 01  115317
2010 09 01  115433
2010 10 01  115542
2010 11 01  115640
2010 12 01  115731
2011 01 01  115828
2011 02 01  115907
2011 03 01  115988
2011 04 01  116067
2011 05 01  116156
2011 06 01  116250
2011 07 01  116347
2011 08 01  116453
2011 09 01  116559
2011 10 01  116664
2011 11 01  116755
2011 12 01  116832
2012 01 01  116808
2012 02 01  116896
2012 03 01  116986
2012 04 01  117081
2012 05 01  117177
2012 06 01  117277
2012 07 01  117381
2012 08 01  117492
2012 09 01  117600
2012 10 01  117710
2012 11 01  117810
2012 12 01  117902
