year mon day women
1948 01 01   52782
1948 02 01   52832
1948 03 01   52881
1948 04 01   52920
1948 05 01   52974
1948 06 01   53030
1948 07 01   53124
1948 08 01   53158
1948 09 01   53211
1948 10 01   53268
1948 11 01   53316
1948 12 01   53364
1949 01 01   53406
1949 02 01   53450
1949 03 01   53501
1949 04 01   53545
1949 05 01   53594
1949 06 01   53641
1949 07 01   53692
1949 08 01   53742
1949 09 01   53791
1949 10 01   53851
1949 11 01   53891
1949 12 01   53948
1950 01 01   53989
1950 02 01   54036
1950 03 01   54085
1950 04 01   54135
1950 05 01   54173
1950 06 01   54218
1950 07 01   54270
1950 08 01   54354
1950 09 01   54411
1950 10 01   54471
1950 11 01   54526
1950 12 01   54574
1951 01 01   54620
1951 02 01   54660
1951 03 01   54719
1951 04 01   54763
1951 05 01   54809
1951 06 01   54857
1951 07 01   54912
1951 08 01   54968
1951 09 01   55022
1951 10 01   55080
1951 11 01   55138
1951 12 01   55192
1952 01 01   55240
1952 02 01   55292
1952 03 01   55340
1952 04 01   55386
1952 05 01   55438
1952 06 01   55496
1952 07 01   55552
1952 08 01   55606
1952 09 01   55664
1952 10 01   55722
1952 11 01   55778
1952 12 01   55832
1953 01 01   56038
1953 02 01   56087
1953 03 01   56128
1953 04 01   56168
1953 05 01   56218
1953 06 01   56270
1953 07 01   56320
1953 08 01   56374
1953 09 01   56433
1953 10 01   56490
1953 11 01   56543
1953 12 01   56588
1954 01 01   56651
1954 02 01   56697
1954 03 01   56747
1954 04 01   56796
1954 05 01   56851
1954 06 01   56895
1954 07 01   56939
1954 08 01   56995
1954 09 01   57048
1954 10 01   57107
1954 11 01   57165
1954 12 01   57218
1955 01 01   57267
1955 02 01   57293
1955 03 01   57370
1955 04 01   57414
1955 05 01   57486
1955 06 01   57547
1955 07 01   57612
1955 08 01   57670
1955 09 01   57725
1955 10 01   57778
1955 11 01   57833
1955 12 01   57895
1956 01 01   57934
1956 02 01   57982
1956 03 01   58033
1956 04 01   58068
1956 05 01   58153
1956 06 01   58196
1956 07 01   58254
1956 08 01   58306
1956 09 01   58368
1956 10 01   58430
1956 11 01   58487
1956 12 01   58542
1957 01 01   58598
1957 02 01   58647
1957 03 01   58713
1957 04 01   58779
1957 05 01   58836
1957 06 01   58917
1957 07 01   58989
1957 08 01   59056
1957 09 01   59119
1957 10 01   59189
1957 11 01   59250
1957 12 01   59308
1958 01 01   59360
1958 02 01   59415
1958 03 01   59476
1958 04 01   59529
1958 05 01   59588
1958 06 01   59649
1958 07 01   59697
1958 08 01   59760
1958 09 01   59833
1958 10 01   59917
1958 11 01   59995
1958 12 01   60070
1959 01 01   60143
1959 02 01   60212
1959 03 01   60281
1959 04 01   60353
1959 05 01   60430
1959 06 01   60502
1959 07 01   60579
1959 08 01   60649
1959 09 01   60721
1959 10 01   60792
1959 11 01   60858
1959 12 01   60928
1960 01 01   61212
1960 02 01   61274
1960 03 01   61345
1960 04 01   61398
1960 05 01   61460
1960 06 01   61530
1960 07 01   61602
1960 08 01   61672
1960 09 01   61741
1960 10 01   61813
1960 11 01   61924
1960 12 01   62021
1961 01 01   62107
1961 02 01   62169
1961 03 01   62230
1961 04 01   62306
1961 05 01   62377
1961 06 01   62448
1961 07 01   62520
1961 08 01   62592
1961 09 01   62661
1961 10 01   62733
1961 11 01   62800
1961 12 01   62865
1962 01 01   62923
1962 02 01   62992
1962 03 01   63060
1962 04 01   63062
1962 05 01   63122
1962 06 01   63186
1962 07 01   63312
1962 08 01   63420
1962 09 01   63533
1962 10 01   63642
1962 11 01   63751
1962 12 01   63860
1963 01 01   63960
1963 02 01   64057
1963 03 01   64165
1963 04 01   64257
1963 05 01   64348
1963 06 01   64451
1963 07 01   64553
1963 08 01   64641
1963 09 01   64731
1963 10 01   64832
1963 11 01   64926
1963 12 01   65018
1964 01 01   65118
1964 02 01   65208
1964 03 01   65296
1964 04 01   65388
1964 05 01   65489
1964 06 01   65586
1964 07 01   65684
1964 08 01   65779
1964 09 01   65877
1964 10 01   65976
1964 11 01   66074
1964 12 01   66169
1965 01 01   66255
1965 02 01   66346
1965 03 01   66442
1965 04 01   66528
1965 05 01   66619
1965 06 01   66715
1965 07 01   66738
1965 08 01   66837
1965 09 01   66934
1965 10 01   67030
1965 11 01   67118
1965 12 01   67211
1966 01 01   67294
1966 02 01   67379
1966 03 01   67471
1966 04 01   67557
1966 05 01   67652
1966 06 01   67741
1966 07 01   67829
1966 08 01   67930
1966 09 01   68025
1966 10 01   68126
1966 11 01   68222
1966 12 01   68316
1967 01 01   68412
1967 02 01   68500
1967 03 01   68597
1967 04 01   68690
1967 05 01   68790
1967 06 01   68898
1967 07 01   69009
1967 08 01   69135
1967 09 01   69245
1967 10 01   69348
1967 11 01   69448
1967 12 01   69547
1968 01 01   69640
1968 02 01   69734
1968 03 01   69822
1968 04 01   69910
1968 05 01   70011
1968 06 01   70115
1968 07 01   70222
1968 08 01   70330
1968 09 01   70436
1968 10 01   70536
1968 11 01   70645
1968 12 01   70752
1969 01 01   70852
1969 02 01   70933
1969 03 01   71041
1969 04 01   71146
1969 05 01   71269
1969 06 01   71372
1969 07 01   71500
1969 08 01   71605
1969 09 01   71709
1969 10 01   71829
1969 11 01   71936
1969 12 01   72045
1970 01 01   72142
1970 02 01   72251
1970 03 01   72358
1970 04 01   72465
1970 05 01   72589
1970 06 01   72697
1970 07 01   72829
1970 08 01   72954
1970 09 01   73082
1970 10 01   73211
1970 11 01   73339
1970 12 01   73467
1971 01 01   73593
1971 02 01   73703
1971 03 01   73833
1971 04 01   73959
1971 05 01   74085
1971 06 01   74209
1971 07 01   74335
1971 08 01   74455
1971 09 01   74587
1971 10 01   74719
1971 11 01   74841
1971 12 01   74968
1972 01 01   75624
1972 02 01   75747
1972 03 01   75858
1972 04 01   75958
1972 05 01   76083
1972 06 01   76212
1972 07 01   76344
1972 08 01   76474
1972 09 01   76606
1972 10 01   76730
1972 11 01   76858
1972 12 01   76989
1973 01 01   77116
1973 02 01   77233
1973 03 01   77365
1973 04 01   77483
1973 05 01   77614
1973 06 01   77739
1973 07 01   77872
1973 08 01   77997
1973 09 01   78123
1973 10 01   78253
1973 11 01   78379
1973 12 01   78479
1974 01 01   78613
1974 02 01   78736
1974 03 01   78858
1974 04 01   78988
1974 05 01   79126
1974 06 01   79256
1974 07 01   79387
1974 08 01   79510
1974 09 01   79622
1974 10 01   79755
1974 11 01   79886
1974 12 01   80015
1975 01 01   80138
1975 02 01   80267
1975 03 01   80388
1975 04 01   80502
1975 05 01   80635
1975 06 01   80775
1975 07 01   80961
1975 08 01   81093
1975 09 01   81203
1975 10 01   81324
1975 11 01   81454
1975 12 01   81589
1976 01 01   81715
1976 02 01   81833
1976 03 01   81960
1976 04 01   82072
1976 05 01   82197
1976 06 01   82330
1976 07 01   82463
1976 08 01   82593
1976 09 01   82725
1976 10 01   82824
1976 11 01   82954
1976 12 01   83013
1977 01 01   83139
1977 02 01   83259
1977 03 01   83376
1977 04 01   83499
1977 05 01   83643
1977 06 01   83783
1977 07 01   83919
1977 08 01   84048
1977 09 01   84170
1977 10 01   84296
1977 11 01   84410
1977 12 01   84539
1978 01 01   84666
1978 02 01   84782
1978 03 01   84888
1978 04 01   85004
1978 05 01   85135
1978 06 01   85267
1978 07 01   85400
1978 08 01   85519
1978 09 01   85645
1978 10 01   85775
1978 11 01   85897
1978 12 01   86028
1979 01 01   86150
1979 02 01   86263
1979 03 01   86414
1979 04 01   86480
1979 05 01   86633
1979 06 01   86769
1979 07 01   86898
1979 08 01   87015
1979 09 01   87137
1979 10 01   87332
1979 11 01   87457
1979 12 01   87582
1980 01 01   87711
1980 02 01   87831
1980 03 01   87943
1980 04 01   88056
1980 05 01   88165
1980 06 01   88291
1980 07 01   88442
1980 08 01   88538
1980 09 01   88643
1980 10 01   88749
1980 11 01   88851
1980 12 01   88955
1981 01 01   89074
1981 02 01   89167
1981 03 01   89260
1981 04 01   89361
1981 05 01   89458
1981 06 01   89567
1981 07 01   89677
1981 08 01   89766
1981 09 01   89869
1981 10 01   89978
1981 11 01   90075
1981 12 01   90167
1982 01 01   90256
1982 02 01   90343
1982 03 01   90437
1982 04 01   90529
1982 05 01   90624
1982 06 01   90710
1982 07 01   90804
1982 08 01   90889
1982 09 01   90985
1982 10 01   91082
1982 11 01   91172
1982 12 01   91147
1983 01 01   91233
1983 02 01   91313
1983 03 01   91396
1983 04 01   91468
1983 05 01   91550
1983 06 01   91636
1983 07 01   91728
1983 08 01   91805
1983 09 01   91890
1983 10 01   91977
1983 11 01   92063
1983 12 01   92151
1984 01 01   92330
1984 02 01   92408
1984 03 01   92486
1984 04 01   92564
1984 05 01   92644
1984 06 01   92728
1984 07 01   92811
1984 08 01   92890
1984 09 01   92983
1984 10 01   93074
1984 11 01   93164
1984 12 01   93249
1985 01 01   93304
1985 02 01   93378
1985 03 01   93455
1985 04 01   93525
1985 05 01   93602
1985 06 01   93678
1985 07 01   93765
1985 08 01   93847
1985 09 01   93935
1985 10 01   94028
1985 11 01   94117
1985 12 01   94202
1986 01 01   94327
1986 02 01   94406
1986 03 01   94490
1986 04 01   94569
1986 05 01   94649
1986 06 01   94740
1986 07 01   94827
1986 08 01   94909
1986 09 01   95000
1986 10 01   95094
1986 11 01   95182
1986 12 01   95272
1987 01 01   95399
1987 02 01   95483
1987 03 01   95568
1987 04 01   95648
1987 05 01   95738
1987 06 01   95820
1987 07 01   95912
1987 08 01   95979
1987 09 01   96059
1987 10 01   96134
1987 11 01   96214
1987 12 01   96285
1988 01 01   96377
1988 02 01   96447
1988 03 01   96516
1988 04 01   96576
1988 05 01   96640
1988 06 01   96718
1988 07 01   96796
1988 08 01   96855
1988 09 01   96925
1988 10 01   97003
1988 11 01   97071
1988 12 01   97144
1989 01 01   97263
1989 02 01   97325
1989 03 01   97387
1989 04 01   97451
1989 05 01   97525
1989 06 01   97593
1989 07 01   97667
1989 08 01   97733
1989 09 01   97801
1989 10 01   97869
1989 11 01   97940
1989 12 01   98012
1990 01 01   98427
1990 02 01   98478
1990 03 01   98532
1990 04 01   98597
1990 05 01   98658
1990 06 01   98726
1990 07 01   98794
1990 08 01   98875
1990 09 01   98963
1990 10 01   99052
1990 11 01   99132
1990 12 01   99205
1991 01 01   99274
1991 02 01   99331
1991 03 01   99387
1991 04 01   99453
1991 05 01   99516
1991 06 01   99587
1991 07 01   99661
1991 08 01   99744
1991 09 01   99831
1991 10 01   99918
1991 11 01   99993
1991 12 01  100060
1992 01 01  100131
1992 02 01  100185
1992 03 01  100248
1992 04 01  100320
1992 05 01  100390
1992 06 01  100467
1992 07 01  100548
1992 08 01  100641
1992 09 01  100738
1992 10 01  100836
1992 11 01  100921
1992 12 01  101001
1993 01 01  101084
1993 02 01  101152
1993 03 01  101218
1993 04 01  101290
1993 05 01  101362
1993 06 01  101445
1993 07 01  101529
1993 08 01  101621
1993 09 01  101714
1993 10 01  101802
1993 11 01  101888
1993 12 01  101969
1994 01 01  102044
1994 02 01  102107
1994 03 01  102171
1994 04 01  102244
1994 05 01  102314
1994 06 01  102399
1994 07 01  102482
1994 08 01  102575
1994 09 01  102672
1994 10 01  102758
1994 11 01  102839
1994 12 01  102913
1995 01 01  103004
1995 02 01  103068
1995 03 01  103128
1995 04 01  103197
1995 05 01  103263
1995 06 01  103342
1995 07 01  103424
1995 08 01  103514
1995 09 01  103608
1995 10 01  103700
1995 11 01  103775
1995 12 01  103847
1996 01 01  103921
1996 02 01  103986
1996 03 01  104058
1996 04 01  104146
1996 05 01  104230
1996 06 01  104319
1996 07 01  104411
1996 08 01  104512
1996 09 01  104614
1996 10 01  104717
1996 11 01  104809
1996 12 01  104894
1997 01 01  105022
1997 02 01  105068
1997 03 01  105127
1997 04 01  105200
1997 05 01  105274
1997 06 01  105351
1997 07 01  105433
1997 08 01  105527
1997 09 01  105623
1997 10 01  105718
1997 11 01  105799
1997 12 01  105873
1998 01 01  105997
1998 02 01  106070
1998 03 01  106141
1998 04 01  106228
1998 05 01  106308
1998 06 01  106394
1998 07 01  106484
1998 08 01  106587
1998 09 01  106693
1998 10 01  106798
1998 11 01  106887
1998 12 01  106960
1999 01 01  107521
1999 02 01  107593
1999 03 01  107674
1999 04 01  107771
1999 05 01  107864
1999 06 01  107964
1999 07 01  108067
1999 08 01  108175
1999 09 01  108289
1999 10 01  108395
1999 11 01  108487
1999 12 01  108569
2000 01 01  110074
2000 02 01  110152
2000 03 01  110241
2000 04 01  110351
2000 05 01  110450
2000 06 01  110557
2000 07 01  110667
2000 08 01  110782
2000 09 01  110899
2000 10 01  111013
2000 11 01  110974
2000 12 01  111191
2001 01 01  111272
2001 02 01  111357
2001 03 01  111440
2001 04 01  111534
2001 05 01  111631
2001 06 01  111735
2001 07 01  111846
2001 08 01  111961
2001 09 01  112079
2001 10 01  112193
2001 11 01  112294
2001 12 01  112387
2002 01 01  112476
2002 02 01  112549
2002 03 01  112626
2002 04 01  112713
2002 05 01  112805
2002 06 01  112906
2002 07 01  113014
2002 08 01  113127
2002 09 01  113243
2002 10 01  113355
2002 11 01  113455
2002 12 01  113546
2003 01 01  114130
2003 02 01  114219
2003 03 01  114312
2003 04 01  114417
2003 05 01  114531
2003 06 01  114653
2003 07 01  114778
2003 08 01  114903
2003 09 01  115035
2003 10 01  115160
2003 11 01  115276
2003 12 01  115386
2004 01 01  115089
2004 02 01  115180
2004 03 01  115269
2004 04 01  115365
2004 05 01  115463
2004 06 01  115570
2004 07 01  115676
2004 08 01  115796
2004 09 01  115921
2004 10 01  116039
2004 11 01  116146
2004 12 01  116247
2005 01 01  116348
2005 02 01  116443
2005 03 01  116534
2005 04 01  116629
2005 05 01  116736
2005 06 01  116849
2005 07 01  116963
2005 08 01  117089
2005 09 01  117218
2005 10 01  117343
2005 11 01  117459
2005 12 01  117562
2006 01 01  117617
2006 02 01  117715
2006 03 01  117814
2006 04 01  117919
2006 05 01  118027
2006 06 01  118141
2006 07 01  118255
2006 08 01  118376
2006 09 01  118495
2006 10 01  118616
2006 11 01  118724
2006 12 01  118820
2007 01 01  119122
2007 02 01  119207
2007 03 01  119300
2007 04 01  119403
2007 05 01  119510
2007 06 01  119620
2007 07 01  119736
2007 08 01  119856
2007 09 01  119975
2007 10 01  120096
2007 11 01  120202
2007 12 01  120304
2008 01 01  120123
2008 02 01  120213
2008 03 01  120300
2008 04 01  120396
2008 05 01  120493
2008 06 01  120598
2008 07 01  120710
2008 08 01  120825
2008 09 01  120946
2008 10 01  121066
2008 11 01  121168
2008 12 01  121266
2009 01 01  121166
2009 02 01  121247
2009 03 01  121328
2009 04 01  121415
2009 05 01  121499
2009 06 01  121594
2009 07 01  121696
2009 08 01  121799
2009 09 01  121911
2009 10 01  122020
2009 11 01  122111
2009 12 01  122197
2010 01 01  122185
2010 02 01  122263
2010 03 01  122339
2010 04 01  122419
2010 05 01  122499
2010 06 01  122589
2010 07 01  122683
2010 08 01  122783
2010 09 01  122889
2010 10 01  122988
2010 11 01  123075
2010 12 01  123158
2011 01 01  122876
2011 02 01  122944
2011 03 01  123012
2011 04 01  123079
2011 05 01  123157
2011 06 01  123239
2011 07 01  123324
2011 08 01  123418
2011 09 01  123512
2011 10 01  123605
2011 11 01  123686
2011 12 01  123753
2012 01 01  125461
2012 02 01  125539
2012 03 01  125619
2012 04 01  125703
2012 05 01  125788
2012 06 01  125878
2012 07 01  125972
2012 08 01  126073
2012 09 01  126172
2012 10 01  126273
2012 11 01  126364
2012 12 01  126447
